iteration	particle_num	MCS_value	fitness_value	original_fitness_value
0	a	0.978	1272	1272
0	b	0.991	1237.65	1237.65
0	c	0.989	1247.68	1247.68
0	d	0.936	1378.08	1187.94
0	e	0.967	1199.34	1199.34
0	f	0.964	1224.72	1224.72
0	g	0.975	1240.05	1240.05
0	h	0.957	1236.44	1236.44
0	i	0.969	1240.32	1240.32
0	j	0.991	1249.36	1249.36
0	k	0.978	1248.28	1248.28
0	l	0.972	1247.71	1247.71
0	m	0.964	1214.04	1214.04
0	n	0.979	1225.16	1225.16
0	o	0.968	1239.99	1239.99
1	a	0.995	inf	inf
1	b	1	inf	inf
1	c	0.938	inf	inf
1	d	1	inf	inf
1	e	1	inf	inf
1	f	1	inf	inf
1	g	1	inf	inf
1	h	0.98	inf	inf
1	i	0.959	inf	inf
1	j	1	inf	inf
1	k	0.976	inf	inf
1	l	1	inf	inf
1	m	0.97	inf	inf
1	n	0.942	inf	inf
1	o	1	inf	inf
2	a	0.981	inf	inf
2	b	0.996	inf	inf
2	c	0.957	inf	inf
2	d	1	inf	inf
2	e	1	inf	inf
2	f	1	inf	inf
2	g	1	inf	inf
2	h	0.969	inf	inf
2	i	0.946	inf	inf
2	j	0.998	inf	inf
2	k	0.977	inf	inf
2	l	1	inf	inf
2	m	0.97	inf	inf
2	n	0.958	inf	inf
2	o	1	inf	inf
3	a	0.943	1279.43	1188.22
3	b	0.988	inf	inf
3	c	0.972	inf	inf
3	d	1	inf	inf
3	e	0.998	inf	inf
3	f	1	inf	inf
3	g	0.983	inf	inf
3	h	0.976	inf	inf
3	i	0.942	inf	inf
3	j	0.994	inf	inf
3	k	0.975	inf	inf
3	l	0.967	inf	inf
3	m	0.96	inf	inf
3	n	0.969	1244.32	1244.32
3	o	0.997	inf	inf
4	a	0.954	1189.26	1189.26
4	b	0.979	1256.75	1256.75
4	c	0.988	inf	inf
4	d	0.962	1202.19	1202.19
4	e	0.99	inf	inf
4	f	0.979	inf	inf
4	g	0.979	inf	inf
4	h	0.971	inf	inf
4	i	0.959	1219.64	1219.64
4	j	0.973	inf	inf
4	k	0.948	1249.37	1223.31
4	l	0.947	1266.66	1227.23
4	m	0.973	inf	inf
4	n	0.973	1213.36	1213.36
4	o	0.977	inf	inf
5	a	0.975	1202.85	1202.85
5	b	0.941	1309.72	1190.8
5	c	0.986	inf	inf
5	d	0.918	1642.02	1165.65
5	e	0.957	1199.16	1199.16
5	f	0.93	1476.2	1193.27
5	g	0.978	1221.65	1221.65
5	h	0.953	1228.83	1228.83
5	i	0.942	1306.16	1200.25
5	j	0.964	1238.62	1238.62
5	k	0.972	inf	inf
5	l	0.936	1382.63	1191.87
5	m	0.952	1196.27	1196.27
5	n	0.969	1210.36	1210.36
5	o	0.96	1185.36	1185.36
6	a	0.96	1191.96	1191.96
6	b	0.951	1183.67	1183.67
6	c	0.962	1205.42	1205.42
6	d	0.925	1523.22	1166.66
6	e	0.948	1213.95	1188.63
6	f	0.904	1915.77	1166.25
6	g	0.976	inf	inf
6	h	0.966	1220.63	1220.63
6	i	0.943	1286.11	1194.43
6	j	0.937	1361.23	1186.02
6	k	0.975	1238.55	1238.55
6	l	0.907	1872.19	1178.11
6	m	0.942	1289.42	1184.86
6	n	0.977	1195.42	1195.42
6	o	0.934	1384.41	1168.15
7	a	0.958	1180.37	1180.37
7	b	0.947	1219.86	1181.88
7	c	0.942	1299.61	1194.22
7	d	0.952	1181.4	1181.4
7	e	0.93	1461.95	1181.75
7	f	0.911	1790.18	1177.19
7	g	0.969	1239.78	1239.78
7	h	0.952	1195.12	1195.12
7	i	0.962	1194.09	1194.09
7	j	0.917	1669.11	1172.04
7	k	0.978	inf	inf
7	l	0.957	1195.39	1195.39
7	m	0.952	1184.36	1184.36
7	n	0.946	1232.3	1181.38
7	o	0.91	1791.57	1165.23
8	a	0.939	1322.96	1177.51
8	b	0.953	1180.57	1180.57
8	c	0.941	1299.81	1181.79
8	d	0.961	1194.33	1194.33
8	e	0.947	1227.28	1189.07
8	f	0.956	1203.61	1203.61
8	g	0.978	1213.35	1213.35
8	h	0.933	1412.07	1178.79
8	i	0.941	1306.65	1188.01
8	j	0.948	1201.99	1176.92
8	k	0.975	1208.49	1208.49
8	l	0.963	1206.35	1206.35
8	m	0.953	1185.45	1185.45
8	n	0.946	1227.94	1177.2
8	o	0.924	1552.46	1176.26
9	a	0.934	1396.69	1178.51
9	b	0.946	1231.04	1180.18
9	c	0.932	1420.59	1173.25
9	d	0.946	1240.76	1189.5
9	e	0.973	1195.99	1195.99
9	f	0.975	1231.07	1231.07
9	g	0.946	1250.4	1198.73
9	h	0.938	1338.91	1179.08
9	i	0.945	1248.79	1184.6
9	j	0.944	1258.72	1181.45
9	k	0.955	1186.65	1186.65
9	l	0.956	1195.88	1195.88
9	m	0.939	1328.72	1182.64
9	n	0.933	1412.43	1179.09
9	o	0.961	1197.84	1197.84
10	a	0.943	1272.31	1181.61
10	b	0.938	1338.68	1178.87
10	c	0.928	1485.66	1175.34
10	d	0.93	1460.08	1180.24
10	e	0.959	1195.01	1195.01
10	f	0.951	1200.06	1200.06
10	g	0.952	1188.13	1188.13
10	h	0.95	1187.47	1187.47
10	i	0.947	1221.71	1183.67
10	j	0.951	1182.48	1182.48
10	k	0.946	1230.53	1179.69
10	l	0.946	1234.18	1183.19
10	m	0.941	1294.79	1177.23
10	n	0.956	1185.74	1185.74
10	o	0.96	1209.11	1209.11
11	a	0.94	1314.94	1182.9
11	b	0.935	1383.4	1179.85
11	c	0.949	1206.28	1193.64
11	d	0.929	1468.97	1174.72
11	e	0.962	1192.22	1192.22
11	f	0.957	1187.09	1187.09
11	g	0.93	1460.52	1180.59
11	h	0.941	1310.38	1191.4
11	i	0.948	1213.18	1187.88
11	j	0.951	1183.72	1183.72
11	k	0.935	1379	1176.1
11	l	0.953	1178.61	1178.61
11	m	0.924	1557.02	1179.72
11	n	0.95	1189.95	1189.95
11	o	0.95	1197.68	1197.68
12	a	0.939	1328.5	1182.45
12	b	0.951	1179.92	1179.92
12	c	0.96	1200.55	1200.55
12	d	0.921	1600.7	1174
12	e	0.934	1403.65	1184.38
12	f	0.954	1180.27	1180.27
12	g	0.93	1457.54	1178.18
12	h	0.947	1223.28	1185.19
12	i	0.947	1230.36	1192.05
12	j	0.939	1329.47	1183.31
12	k	0.931	1437.19	1174.29
12	l	0.939	1322.08	1176.73
12	m	0.944	1262.68	1185.16
12	n	0.94	1315.58	1183.48
12	o	0.931	1436.88	1174.04
13	a	0.94	1308.96	1177.52
13	b	0.937	1354.12	1179.82
13	c	0.958	1187.75	1187.75
13	d	0.927	1503.73	1176.88
13	e	0.933	1413.7	1180.15
13	f	0.925	1534.79	1175.52
13	g	0.93	1459.86	1180.06
13	h	0.93	1459.33	1179.63
13	i	0.956	1190.95	1190.95
13	j	0.946	1232.56	1181.63
13	k	0.933	1408.09	1175.46
13	l	0.934	1395.13	1177.19
13	m	0.946	1236.92	1185.81
13	n	0.932	1427.87	1179.26
13	o	0.925	1529.9	1171.77
14	a	0.944	1253.62	1176.66
14	b	0.939	1323.83	1178.29
14	c	0.937	1355.76	1181.25
14	d	0.932	1429.66	1180.75
14	e	0.944	1259.1	1181.8
14	f	0.93	1454.85	1176.01
14	g	0.952	1184.84	1184.84
14	h	0.937	1353.04	1178.89
14	i	0.944	1262.49	1184.98
14	j	0.939	1327.07	1181.17
14	k	0.932	1428.61	1179.88
14	l	0.93	1459.62	1179.87
14	m	0.944	1259.34	1182.02
14	n	0.934	1395.49	1177.5
14	o	0.929	1470.61	1176.03
15	a	0.941	1296.42	1178.7
15	b	0.936	1365.06	1176.72
15	c	0.936	1366.18	1177.69
15	d	0.942	1287.34	1182.95
15	e	0.961	1184.61	1184.61
15	f	0.941	1297.96	1180.11
15	g	0.947	1224.07	1185.96
15	h	0.927	1509.1	1181.08
15	i	0.938	1340.47	1180.46
15	j	0.944	1257.24	1180.05
15	k	0.945	1250.97	1186.67
15	l	0.947	1219.71	1181.74
15	m	0.936	1367.19	1178.56
15	n	0.936	1367.05	1178.43
15	o	0.943	1278.44	1187.3
16	a	0.944	1258.41	1181.15
16	b	0.943	1267.15	1176.82
16	c	0.931	1442.94	1178.99
16	d	0.948	1206.87	1181.7
16	e	0.942	1286.59	1182.26
16	f	0.952	1182.15	1182.15
16	g	0.937	1357.26	1182.56
16	h	0.944	1260.36	1182.99
16	i	0.933	1412.52	1179.17
16	j	0.939	1324.91	1179.25
16	k	0.941	1301.88	1183.67
16	l	0.937	1355.09	1180.67
16	m	0.928	1489.76	1178.58
16	n	0.943	1273.46	1182.68
16	o	0.956	1195.88	1195.88
17	a	0.937	1357.19	1182.5
17	b	0.939	1325.45	1179.74
17	c	0.941	1303.15	1184.83
17	d	0.933	1411.76	1178.53
17	e	0.936	1367.77	1179.06
17	f	0.954	1181.77	1181.77
17	g	0.94	1311.11	1179.46
17	h	0.928	1496.67	1184.05
17	i	0.954	1179.62	1179.62
17	j	0.942	1283.85	1179.74
17	k	0.938	1341.26	1181.15
17	l	0.948	1204.12	1179.01
17	m	0.929	1474.67	1179.27
17	n	0.965	1187.61	1187.61
17	o	0.938	1348.31	1187.36
18	a	0.931	1446.83	1182.17
18	b	0.95	1181.87	1181.87
18	c	0.955	1191.27	1191.27
18	d	0.947	1214.52	1176.71
18	e	0.924	1556.34	1179.2
18	f	0.946	1230.24	1179.41
18	g	0.933	1411.67	1178.46
18	h	0.944	1263.43	1185.87
18	i	0.939	1324.7	1179.07
18	j	0.947	1218.31	1180.38
18	k	0.952	1182.09	1182.09
18	l	0.937	1351.94	1177.92
18	m	0.934	1400.92	1182.08
18	n	0.944	1263.13	1185.58
18	o	0.933	1411.41	1178.24
19	a	0.939	1323.64	1178.12
19	b	0.95	1182.05	1182.05
19	c	0.957	1193.5	1193.5
19	d	0.928	1486.58	1176.06
19	e	0.949	1195.57	1183.05
19	f	0.942	1281.7	1177.77
19	g	0.927	1506.92	1179.37
19	h	0.94	1316.65	1184.44
19	i	0.94	1309.86	1178.33
19	j	0.944	1258.81	1181.53
19	k	0.935	1384.29	1180.61
19	l	0.921	1605.82	1177.76
19	m	0.941	1304.14	1185.73
19	n	0.935	1382.27	1178.89
19	o	0.926	1519.47	1176.43
20	a	0.944	1253.77	1176.79
20	b	0.934	1397.2	1178.94
20	c	0.953	1186.25	1186.25
20	d	0.936	1369.39	1180.46
20	e	0.943	1277.58	1186.5
20	f	0.933	1411.77	1178.54
20	g	0.944	1259.2	1181.89
20	h	0.945	1248.02	1183.87
20	i	0.94	1309.5	1178.01
20	j	0.949	1193.24	1180.74
20	k	0.938	1339.19	1179.33
20	l	0.938	1337.14	1177.52
20	m	0.952	1188.92	1188.92
20	n	0.941	1295.6	1177.96
20	o	0.936	1365.85	1177.4
21	a	0.94	1309.63	1178.13
21	b	0.913	1750.68	1176.74
21	c	0.947	1218.87	1180.92
21	d	0.936	1373.96	1184.39
21	e	0.936	1375.59	1185.8
21	f	0.93	1459.37	1179.67
21	g	0.957	1184.35	1184.35
21	h	0.935	1386.92	1182.86
21	i	0.94	1309.59	1178.09
21	j	0.955	1179.53	1179.53
21	k	0.941	1296.86	1179.11
21	l	0.943	1268.14	1177.73
21	m	0.948	1209.09	1183.88
21	n	0.939	1325.15	1179.47
21	o	0.928	1492.76	1180.95
22	a	0.924	1557.13	1179.8
22	b	0.938	1337.01	1177.41
22	c	0.947	1217.72	1179.81
22	d	0.945	1248.62	1184.44
22	e	0.942	1286.67	1182.34
22	f	0.934	1399.11	1180.55
22	g	0.925	1544.23	1182.75
22	h	0.938	1342.01	1181.81
22	i	0.941	1296.06	1178.38
22	j	0.936	1366.55	1178.01
22	k	0.942	1283.89	1179.78
22	l	0.937	1352.98	1178.83
22	m	0.951	1180.76	1180.76
22	n	0.95	1181.45	1181.45
22	o	0.933	1421.36	1186.54
23	a	0.931	1445.8	1181.32
23	b	0.949	1193.27	1180.77
23	c	0.934	1400.34	1181.59
23	d	0.942	1285.5	1181.26
23	e	0.948	1205.17	1180.04
23	f	0.939	1326.83	1180.96
23	g	0.947	1219.74	1181.77
23	h	0.95	1182.47	1182.47
23	i	0.931	1442.57	1178.68
23	j	0.942	1282.51	1178.51
23	k	0.933	1414.81	1181.08
23	l	0.946	1230.44	1179.6
23	m	0.934	1397.28	1179.01
23	n	0.946	1234.21	1183.22
23	o	0.96	1187.45	1187.45
24	a	0.938	1340.24	1180.25
24	b	0.934	1400.22	1181.48
24	c	0.933	1416.84	1182.77
24	d	0.939	1321.57	1176.28
24	e	0.941	1297.25	1179.47
24	f	0.936	1368.9	1180.04
24	g	0.946	1232.11	1181.21
24	h	0.936	1370.46	1181.37
24	i	0.94	1310.74	1179.12
24	j	0.936	1367.97	1179.23
24	k	0.946	1232.85	1181.92
24	l	0.926	1523.46	1179.52
24	m	0.939	1322.84	1177.41
24	n	0.943	1274.13	1183.3
24	o	0.934	1397.99	1179.6
25	a	0.932	1427.62	1179.06
25	b	0.939	1326.6	1180.76
25	c	0.943	1272.65	1181.93
25	d	0.936	1362.43	1174.45
25	e	0.934	1396.3	1178.18
25	f	0.932	1428.26	1179.59
25	g	0.936	1369.07	1180.18
25	h	0.936	1368.49	1179.68
25	i	0.927	1507.23	1179.61
25	j	0.941	1297.93	1180.08
25	k	0.937	1355.29	1180.84
25	l	0.942	1282.83	1178.81
25	m	0.939	1322.87	1177.44
25	n	0.931	1444.04	1179.89
25	o	0.917	1673.56	1175.17
26	a	0.962	1178.82	1178.82
26	b	0.938	1338.3	1178.54
26	c	0.947	1220.09	1182.1
26	d	0.941	1293.91	1176.43
26	e	0.935	1381.29	1178.05
26	f	0.946	1230.34	1179.5
26	g	0.948	1206.26	1181.1
26	h	0.946	1228.94	1178.16
26	i	0.926	1523.25	1179.36
26	j	0.95	1180.51	1180.51
26	k	0.935	1383.04	1179.55
26	l	0.945	1241.96	1178.12
26	m	0.945	1243.86	1179.93
26	n	0.928	1488.84	1177.86
26	o	0.935	1378.77	1175.9
27	a	0.947	1216.21	1178.34
27	b	0.923	1571.19	1177.63
27	c	0.943	1272.08	1181.4
27	d	0.96	1181.46	1181.46
27	e	0.942	1283.64	1179.55
27	f	0.941	1297.68	1179.86
27	g	0.938	1341.62	1181.46
27	h	0.927	1504.85	1177.75
27	i	0.935	1382.25	1178.87
27	j	0.943	1269.82	1179.3
27	k	0.936	1369.68	1180.71
27	l	0.941	1295.37	1177.76
27	m	0.94	1314.14	1182.18
27	n	0.927	1504.65	1177.6
27	o	0.936	1373.96	1184.4
28	a	0.925	1538.55	1178.4
28	b	0.932	1426.7	1178.3
28	c	0.944	1257.88	1180.66
28	d	0.929	1479.17	1182.88
28	e	0.929	1476.79	1180.97
28	f	0.931	1443.83	1179.71
28	g	0.926	1525.71	1181.26
28	h	0.935	1383.11	1179.6
28	i	0.935	1382.48	1179.07
28	j	0.95	1178.21	1178.21
28	k	0.927	1509.42	1181.33
28	l	0.942	1282.48	1178.49
28	m	0.944	1257.97	1180.74
28	n	0.944	1256.29	1179.16
28	o	0.95	1189.92	1189.92
29	a	0.94	1310.32	1178.74
29	b	0.941	1297.44	1179.64
29	c	0.937	1355.9	1181.38
29	d	0.932	1429.72	1180.8
29	e	0.945	1245.34	1181.32
29	f	0.925	1538.35	1178.24
29	g	0.936	1370.28	1181.22
29	h	0.944	1258.46	1181.2
29	i	0.942	1283.76	1179.66
29	j	0.945	1241.58	1177.76
29	k	0.944	1257.54	1180.34
29	l	0.931	1442.83	1178.9
29	m	0.944	1253.84	1176.86
29	n	0.946	1232.41	1181.5
29	o	0.954	1191.43	1191.43
30	a	0.942	1282.67	1178.66
30	b	0.931	1443.65	1179.57
30	c	0.935	1386.66	1182.63
30	d	0.946	1231.22	1180.35
30	e	0.935	1384.55	1180.83
30	f	0.927	1506.29	1178.88
30	g	0.949	1193.92	1181.41
30	h	0.936	1370.3	1181.24
30	i	0.944	1256.41	1179.27
30	j	0.911	1790.85	1177.62
30	k	0.938	1339.58	1179.67
30	l	0.937	1352.42	1178.34
30	m	0.929	1470.28	1175.77
30	n	0.93	1462.33	1182.06
30	o	0.945	1243.28	1179.37
31	a	0.933	1411.89	1178.64
31	b	0.938	1339.18	1179.31
31	c	0.941	1300.63	1182.54
31	d	0.938	1339.22	1179.35
31	e	0.952	1181.58	1181.58
31	f	0.939	1324.82	1179.17
31	g	0.934	1400.06	1181.36
31	h	0.948	1205.38	1180.24
31	i	0.935	1381.61	1178.33
31	j	0.929	1473.02	1177.96
31	k	0.941	1297.85	1180
31	l	0.928	1488.7	1177.75
31	m	0.912	1769.29	1176.28
31	n	0.935	1385.15	1181.35
31	o	0.935	1379.07	1176.16
32	a	0.94	1310.46	1178.87
32	b	0.935	1381.56	1178.28
32	c	0.939	1327.57	1181.62
32	d	0.952	1180.02	1180.02
32	e	0.926	1522.42	1178.71
32	f	0.945	1243.28	1179.37
32	g	0.949	1195.26	1182.74
32	h	0.944	1257.18	1180
32	i	0.941	1296.15	1178.46
32	j	0.932	1426.83	1178.41
32	k	0.943	1270.48	1179.91
32	l	0.929	1472.56	1177.59
32	m	0.943	1268.9	1178.45
32	n	0.941	1296.63	1178.9
32	o	0.926	1520.65	1177.34
33	a	0.942	1282.64	1178.63
33	b	0.94	1309.19	1177.73
33	c	0.945	1245.62	1181.59
33	d	0.946	1230.45	1179.62
33	e	0.932	1424.26	1176.29
33	f	0.945	1243.8	1179.87
33	g	0.941	1299.46	1181.47
33	h	0.943	1269.98	1179.44
33	i	0.928	1490.35	1179.05
33	j	0.932	1426.95	1178.51
33	k	0.939	1325.7	1179.95
33	l	0.945	1241.83	1178
33	m	0.939	1325.42	1179.71
33	n	0.924	1555.51	1178.58
33	o	0.933	1414.12	1180.5
34	a	0.927	1505.7	1178.42
34	b	0.918	1658.69	1177.48
34	c	0.943	1271.84	1181.17
34	d	0.944	1255.85	1178.75
34	e	0.937	1353.37	1179.17
34	f	0.93	1458.55	1179
34	g	0.936	1368.61	1179.79
34	h	0.941	1297.8	1179.96
34	i	0.942	1284.01	1179.89
34	j	0.938	1338.11	1178.38
34	k	0.942	1284.2	1180.07
34	l	0.93	1458.17	1178.7
34	m	0.931	1444.07	1179.91
34	n	0.944	1255.84	1178.74
34	o	0.944	1262.41	1184.91
35	a	0.931	1442.31	1178.47
35	b	0.915	1714.5	1177.91
35	c	0.94	1312.51	1180.71
35	d	0.928	1489.5	1178.38
35	e	0.936	1370.33	1181.26
35	f	0.942	1282.81	1178.79
35	g	0.927	1506.73	1179.22
35	h	0.932	1429.33	1180.47
35	i	0.935	1383.78	1180.18
35	j	0.946	1228.84	1178.07
35	k	0.951	1180.19	1180.19
35	l	0.931	1442.86	1178.92
35	m	0.934	1398.96	1180.42
35	n	0.935	1381.57	1178.29
35	o	0.945	1248.08	1183.92
36	a	0.942	1282.84	1178.82
36	b	0.932	1428.34	1179.66
36	c	0.943	1273.38	1182.61
36	d	0.94	1310.59	1178.99
36	e	0.933	1413.49	1179.97
36	f	0.938	1338.92	1179.09
36	g	0.934	1398.69	1180.2
36	h	0.935	1384.79	1181.04
36	i	0.937	1353.82	1179.56
36	j	0.933	1411.11	1177.99
36	k	0.952	1179.24	1179.24
36	l	0.939	1323.6	1178.08
36	m	0.945	1245.86	1181.82
36	n	0.942	1282.8	1178.78
36	o	0.945	1244.92	1180.93
37	a	0.938	1338.41	1178.64
37	b	0.944	1258.67	1181.4
37	c	0.954	1184.7	1184.7
37	d	0.922	1591.32	1179.86
37	e	0.937	1352.69	1178.57
37	f	0.95	1179.5	1179.5
37	g	0.947	1218.76	1180.82
37	h	0.944	1257.42	1180.23
37	i	0.939	1323.76	1178.23
37	j	0.933	1411.22	1178.08
37	k	0.934	1396.13	1178.04
37	l	0.935	1381.17	1177.95
37	m	0.937	1355.65	1181.16
37	n	0.934	1397.59	1179.27
37	o	0.947	1217.68	1179.77
38	a	0.942	1282.58	1178.58
38	b	0.941	1297.24	1179.45
38	c	0.952	1184.46	1184.46
38	d	0.934	1398.11	1179.7
38	e	0.94	1309.27	1177.8
38	f	0.946	1230.18	1179.35
38	g	0.937	1355.56	1181.08
38	h	0.948	1205.59	1180.45
38	i	0.922	1588.66	1177.89
38	j	0.928	1489.26	1178.19
38	k	0.937	1352	1177.98
38	l	0.946	1229.21	1178.42
38	m	0.934	1397.7	1179.36
38	n	0.959	1179.88	1179.88
38	o	0.933	1414.44	1180.77
39	a	0.94	1309.93	1178.39
39	b	0.941	1295.52	1177.89
39	c	0.941	1299.24	1181.27
39	d	0.943	1269.67	1179.15
39	e	0.928	1490.68	1179.31
39	f	0.942	1282.89	1178.86
39	g	0.936	1370.06	1181.03
39	h	0.924	1557.94	1180.41
39	i	0.922	1588.99	1178.13
39	j	0.947	1216.13	1178.27
39	k	0.925	1538.43	1178.3
39	l	0.928	1489.29	1178.21
39	m	0.94	1308.59	1177.19
39	n	0.94	1311.67	1179.96
39	o	0.926	1527.98	1183.01
40	a	0.947	1216.19	1178.32
40	b	0.924	1554.67	1177.93
40	c	0.934	1398.49	1180.03
40	d	0.936	1367.53	1178.85
40	e	0.935	1384.1	1180.45
40	f	0.925	1538.07	1178.03
40	g	0.943	1272.09	1181.41
40	h	0.934	1398.53	1180.06
40	i	0.926	1522.14	1178.5
40	j	0.942	1282.27	1178.29
40	k	0.937	1352.89	1178.75
40	l	0.95	1178.09	1178.09
40	m	0.928	1488.43	1177.53
40	n	0.938	1338.85	1179.03
40	o	0.936	1374.24	1184.64
41	a	0.941	1296.29	1178.59
41	b	0.957	1178.14	1178.14
41	c	0.945	1243.27	1179.37
41	d	0.923	1571.57	1177.92
41	e	0.935	1384.56	1180.85
41	f	0.943	1268.28	1177.87
41	g	0.951	1182.4	1182.4
41	h	0.936	1368.72	1179.88
41	i	0.956	1179.3	1179.3
41	j	0.928	1489.14	1178.09
41	k	0.932	1427.67	1179.1
41	l	0.932	1426.35	1178.01
41	m	0.939	1323	1177.55
41	n	0.945	1241.45	1177.64
41	o	0.946	1234	1183.02
42	a	0.937	1353.01	1178.86
42	b	0.943	1268.76	1178.31
42	c	0.95	1180.75	1180.75
42	d	0.932	1426.38	1178.03
42	e	0.949	1192.49	1180
42	f	0.939	1323.71	1178.18
42	g	0.938	1342.31	1182.08
42	h	0.94	1311.75	1180.03
42	i	0.937	1353.53	1179.31
42	j	0.942	1281.92	1177.97
42	k	0.938	1338.73	1178.92
42	l	0.937	1352.13	1178.09
42	m	0.934	1396.77	1178.57
42	n	0.934	1395.7	1177.68
42	o	0.944	1258.37	1181.11
43	a	0.953	1178.69	1178.69
43	b	0.925	1537.93	1177.92
43	c	0.942	1285.63	1181.37
43	d	0.943	1269.32	1178.83
43	e	0.944	1256.28	1179.15
43	f	0.951	1179.45	1179.45
43	g	0.929	1476.34	1180.62
43	h	0.941	1298.19	1180.32
43	i	0.948	1203.58	1178.48
43	j	0.94	1309.66	1178.15
43	k	0.925	1538.61	1178.45
43	l	0.933	1411.15	1178.02
43	m	0.911	1793.06	1179.08
43	n	0.936	1368.06	1179.31
43	o	0.939	1324.83	1179.18
44	a	0.938	1337.89	1178.18
44	b	0.941	1295.79	1178.14
44	c	0.931	1443.57	1179.5
44	d	0.924	1557.74	1180.26
44	e	0.941	1297.47	1179.66
44	f	0.939	1325.38	1179.67
44	g	0.939	1324.72	1179.08
44	h	0.938	1341.07	1180.99
44	i	0.929	1473.04	1177.97
44	j	0.925	1538.37	1178.26
44	k	0.931	1442.55	1178.67
44	l	0.938	1337.77	1178.08
44	m	0.936	1368.99	1180.11
44	n	0.932	1429.42	1180.55
44	o	0.923	1571.2	1177.64
45	a	0.931	1441.56	1177.86
45	b	0.92	1623.87	1178.13
45	c	0.93	1457.74	1178.35
45	d	0.938	1340.45	1180.44
45	e	0.95	1180	1180
45	f	0.94	1310.69	1179.08
45	g	0.938	1339.51	1179.61
45	h	0.942	1285.86	1181.59
45	i	0.929	1473.11	1178.03
45	j	0.939	1324.3	1178.71
45	k	0.936	1367.9	1179.17
45	l	0.932	1426.45	1178.1
45	m	0.94	1311.84	1180.11
45	n	0.932	1428.67	1179.93
45	o	0.941	1297.42	1179.61
46	a	0.917	1677.48	1177.92
46	b	0.928	1488.23	1177.37
46	c	0.936	1367.51	1178.84
46	d	0.944	1256.03	1178.92
46	e	0.943	1268.83	1178.38
46	f	0.938	1338.15	1178.41
46	g	0.948	1205.45	1180.31
46	h	0.939	1327.66	1181.7
46	i	0.946	1229.38	1178.59
46	j	0.935	1381.88	1178.56
46	k	0.933	1411.98	1178.72
46	l	0.933	1411.22	1178.08
46	m	0.928	1491.69	1180.11
46	n	0.929	1473.63	1178.44
46	o	0.935	1384.32	1180.64
47	a	0.952	1178.35	1178.35
47	b	0.933	1410.46	1177.45
47	c	0.939	1325.4	1179.69
47	d	0.948	1204.14	1179.03
47	e	0.941	1295.2	1177.6
47	f	0.935	1381.9	1178.58
47	g	0.925	1540.85	1180.17
47	h	0.937	1355.29	1180.84
47	i	0.938	1338.54	1178.76
47	j	0.937	1352.14	1178.1
47	k	0.935	1381.89	1178.56
47	l	0.92	1623.77	1178.06
47	m	0.927	1506.57	1179.1
47	n	0.932	1425.19	1177.06
47	o	0.941	1300.44	1182.36
48	a	0.933	1411.71	1178.49
48	b	0.946	1228.51	1177.76
48	c	0.938	1340.1	1180.13
48	d	0.927	1506.56	1179.09
48	e	0.939	1323.67	1178.15
48	f	0.94	1310.58	1178.98
48	g	0.942	1284.27	1180.13
48	h	0.934	1398.59	1180.11
48	i	0.959	1178.66	1178.66
48	j	0.93	1457.06	1177.79
48	k	0.939	1324.17	1178.59
48	l	0.942	1282.02	1178.06
48	m	0.927	1506.15	1178.77
48	n	0.939	1322.55	1177.15
48	o	0.952	1183.83	1183.83
49	a	0.927	1505.61	1178.35
49	b	0.939	1323.73	1178.2
49	c	0.946	1230.62	1179.78
49	d	0.94	1310.79	1179.17
49	e	0.941	1296.86	1179.1
49	f	0.944	1255.94	1178.83
49	g	0.94	1311.6	1179.9
49	h	0.939	1325.52	1179.79
49	i	0.918	1659.93	1178.37
49	j	0.929	1472.9	1177.86
49	k	0.935	1382.23	1178.85
49	l	0.933	1411.26	1178.11
49	m	0.928	1489.82	1178.63
49	n	0.929	1472.99	1177.93
49	o	0.937	1357.3	1182.59
50	a	0.945	1241.97	1178.13
50	b	0.945	1242.05	1178.21
50	c	0.945	1242.71	1178.83
50	d	0.929	1473.59	1178.42
50	e	0.944	1257.53	1180.32
50	f	0.94	1310.12	1178.57
50	g	0.935	1383.57	1180
50	h	0.931	1445.16	1180.8
50	i	0.925	1538.38	1178.27
50	j	0.929	1473.12	1178.04
50	k	0.931	1442.91	1178.96
50	l	0.945	1241.95	1178.11
50	m	0.94	1310.84	1179.21
50	n	0.929	1474.08	1178.8
50	o	0.943	1269.57	1179.06
51	a	0.934	1396.11	1178.02
51	b	0.947	1216.07	1178.21
51	c	0.932	1427.27	1178.77
51	d	0.934	1396.75	1178.56
51	e	0.943	1269.6	1179.09
51	f	0.939	1324.13	1178.56
51	g	0.941	1298.14	1180.27
51	h	0.942	1285.25	1181.03
51	i	0.936	1366.91	1178.31
51	j	0.938	1337.74	1178.05
51	k	0.939	1324.27	1178.68
51	l	0.935	1381.31	1178.07
51	m	0.942	1283.18	1179.13
51	n	0.938	1339.51	1179.61
51	o	0.946	1229.56	1178.76
52	a	0.93	1457.46	1178.12
52	b	0.935	1381.27	1178.03
52	c	0.94	1310.27	1178.7
52	d	0.957	1179.51	1179.51
52	e	0.94	1310.06	1178.51
52	f	0.942	1283.13	1179.08
52	g	0.936	1369.42	1180.48
52	h	0.944	1257.56	1180.36
52	i	0.932	1426.7	1178.3
52	j	0.938	1337.71	1178.03
52	k	0.941	1296.37	1178.67
52	l	0.94	1309.55	1178.05
52	m	0.935	1382.37	1178.97
52	n	0.937	1353.09	1178.93
52	o	0.952	1179.68	1179.68
53	a	0.937	1352.22	1178.17
53	b	0.941	1295.42	1177.8
53	c	0.933	1412.66	1179.28
53	d	0.936	1367.44	1178.78
53	e	0.934	1395.95	1177.89
53	f	0.923	1573.43	1179.31
53	g	0.936	1369.06	1180.17
53	h	0.936	1368.5	1179.69
53	i	0.934	1396.37	1178.24
53	j	0.93	1457.61	1178.24
53	k	0.926	1522.58	1178.84
53	l	0.932	1426.41	1178.06
53	m	0.941	1298.09	1180.22
53	n	0.943	1268.89	1178.43
53	o	0.945	1243.25	1179.34
54	a	0.927	1505.35	1178.14
54	b	0.94	1309.47	1177.98
54	c	0.937	1354.33	1180
54	d	0.93	1457.6	1178.23
54	e	0.916	1695.94	1177.96
54	f	0.922	1589.72	1178.67
54	g	0.929	1474.46	1179.11
54	h	0.946	1230.68	1179.83
54	i	0.945	1242.17	1178.32
54	j	0.943	1268.95	1178.49
54	k	0.936	1367.33	1178.68
54	l	0.933	1411.22	1178.08
54	m	0.949	1192.89	1180.39
54	n	0.934	1396.69	1178.51
54	o	0.932	1427.04	1178.58
55	a	0.943	1268.59	1178.15
55	b	0.939	1324.08	1178.52
55	c	0.944	1257.46	1180.26
55	d	0.936	1366.77	1178.2
55	e	0.941	1295.63	1177.99
55	f	0.933	1411.7	1178.49
55	g	0.926	1522.84	1179.04
55	h	0.938	1340.72	1180.68
55	i	0.931	1442.22	1178.4
55	j	0.929	1473.24	1178.14
55	k	0.937	1352.94	1178.8
55	l	0.942	1282.06	1178.1
55	m	0.962	1180.97	1180.97
55	n	0.917	1678.97	1178.96
55	o	0.932	1426.39	1178.04
56	a	0.926	1521.78	1178.22
56	b	0.933	1411.89	1178.64
56	c	0.938	1339.95	1179.99
56	d	0.935	1382.58	1179.16
56	e	0.932	1427.5	1178.96
56	f	0.929	1473.74	1178.53
56	g	0.928	1490.62	1179.26
56	h	0.948	1205.59	1180.45
56	i	0.937	1352.61	1178.51
56	j	0.945	1241.84	1178
56	k	0.956	1179.04	1179.04
56	l	0.927	1505.29	1178.1
56	m	0.93	1459.28	1179.59
56	n	0.953	1179.09	1179.09
56	o	0.943	1268.83	1178.38
57	a	0.926	1521.79	1178.22
57	b	0.931	1441.68	1177.95
57	c	0.929	1474.43	1179.09
57	d	0.941	1297.36	1179.56
57	e	0.924	1558.01	1180.47
57	f	0.934	1397.03	1178.79
57	g	0.949	1192.06	1179.57
57	h	0.919	1643.66	1179.59
57	i	0.929	1473.92	1178.68
57	j	0.946	1228.64	1177.88
57	k	0.936	1367.92	1179.18
57	l	0.96	1178.09	1178.09
57	m	0.943	1269	1178.54
57	n	0.936	1367.85	1179.13
57	o	0.936	1368.01	1179.27
58	a	0.929	1473.41	1178.27
58	b	0.943	1267.94	1177.55
58	c	0.933	1411.29	1178.14
58	d	0.937	1353.39	1179.19
58	e	0.947	1218.16	1180.23
58	f	0.935	1382.45	1179.04
58	g	0.931	1443.06	1179.08
58	h	0.935	1383.53	1179.97
58	i	0.94	1310.21	1178.65
58	j	0.926	1521.48	1177.98
58	k	0.926	1523.09	1179.23
58	l	0.913	1752.67	1178.08
58	m	0.937	1352.65	1178.54
58	n	0.934	1397.46	1179.16
58	o	0.915	1716.73	1179.44
59	a	0.925	1538.42	1178.3
59	b	0.929	1472.8	1177.78
59	c	0.928	1488.58	1177.65
59	d	0.936	1367.68	1178.98
59	e	0.936	1366.95	1178.35
59	f	0.928	1490.29	1179
59	g	0.935	1383.05	1179.56
59	h	0.947	1218.73	1180.79
59	i	0.938	1338.06	1178.33
59	j	0.939	1323.96	1178.41
59	k	0.952	1178.67	1178.67
59	l	0.937	1352.13	1178.09
59	m	0.943	1269.81	1179.29
59	n	0.938	1338.22	1178.48
59	o	0.922	1590.02	1178.9
60	a	0.944	1255.3	1178.23
60	b	0.933	1411.21	1178.08
60	c	0.933	1412.58	1179.22
60	d	0.947	1215.83	1177.98
60	e	0.935	1380.88	1177.7
60	f	0.944	1255.65	1178.56
60	g	0.94	1312.12	1180.36
60	h	0.933	1414.79	1181.06
60	i	0.928	1489.09	1178.05
60	j	0.936	1366.94	1178.35
60	k	0.937	1351.88	1177.87
60	l	0.94	1309.6	1178.1
60	m	0.935	1382.5	1179.09
60	n	0.929	1473.25	1178.14
60	o	0.93	1457.7	1178.31
61	a	0.93	1457.46	1178.12
61	b	0.939	1324.04	1178.48
61	c	0.946	1230.98	1180.12
61	d	0.927	1505.76	1178.46
61	e	0.933	1412.05	1178.77
61	f	0.931	1442.24	1178.42
61	g	0.935	1384.31	1180.63
61	h	0.952	1180.99	1180.99
61	i	0.941	1295.77	1178.11
61	j	0.931	1441.85	1178.1
61	k	0.937	1351.74	1177.75
61	l	0.929	1473.19	1178.1
61	m	0.939	1323.56	1178.05
61	n	0.935	1381.81	1178.5
61	o	0.934	1396.88	1178.67
62	a	0.939	1323.73	1178.2
62	b	0.953	1178.62	1178.62
62	c	0.93	1460.09	1180.25
62	d	0.927	1506.72	1179.22
62	e	0.943	1270.03	1179.49
62	f	0.943	1268.96	1178.49
62	g	0.947	1218.04	1180.11
62	h	0.939	1325.85	1180.09
62	i	0.937	1352.35	1178.28
62	j	0.919	1641.24	1177.85
62	k	0.949	1190.64	1178.16
62	l	0.937	1352.12	1178.08
62	m	0.94	1309.66	1178.15
62	n	0.934	1397.52	1179.21
62	o	0.943	1269.6	1179.09
63	a	0.933	1411.45	1178.27
63	b	0.94	1309.29	1177.82
63	c	0.94	1311.04	1179.39
63	d	0.94	1310.35	1178.77
63	e	0.945	1242.66	1178.79
63	f	0.935	1382.18	1178.81
63	g	0.943	1270.16	1179.61
63	h	0.932	1427.28	1178.78
63	i	0.934	1396.68	1178.5
63	j	0.922	1588.94	1178.1
63	k	0.935	1382.24	1178.86
63	l	0.942	1282.03	1178.07
63	m	0.942	1283.25	1179.19
63	n	0.949	1191.42	1178.93
63	o	0.926	1523.07	1179.21
64	a	0.943	1268.77	1178.32
64	b	0.934	1395.71	1177.68
64	c	0.939	1324.15	1178.57
64	d	0.937	1351.82	1177.82
64	e	0.944	1256.45	1179.32
64	f	0.932	1427.64	1179.08
64	g	0.931	1443.75	1179.65
64	h	0.939	1323.83	1178.29
64	i	0.93	1457.87	1178.46
64	j	0.931	1442.2	1178.38
64	k	0.952	1179.16	1179.16
64	l	0.93	1457.39	1178.06
64	m	0.955	1179.13	1179.13
64	n	0.928	1489.13	1178.09
64	o	0.944	1256.01	1178.9
65	a	0.945	1242.13	1178.28
65	b	0.931	1441.16	1177.54
65	c	0.926	1521.92	1178.33
65	d	0.93	1457.49	1178.15
65	e	0.932	1427.66	1179.09
65	f	0.935	1382.5	1179.09
65	g	0.935	1384.42	1180.72
65	h	0.926	1522.38	1178.68
65	i	0.932	1426.78	1178.37
65	j	0.926	1522.23	1178.57
65	k	0.923	1572.27	1178.44
65	l	0.927	1505.25	1178.06
65	m	0.932	1426.69	1178.29
65	n	0.925	1538.27	1178.18
65	o	0.928	1489.76	1178.59
66	a	0.938	1337.92	1178.21
66	b	0.939	1323.02	1177.57
66	c	0.942	1283.19	1179.14
66	d	0.95	1179	1179
66	e	0.948	1204.33	1179.22
66	f	0.95	1178.66	1178.66
66	g	0.948	1206.16	1181.01
66	h	0.926	1523.7	1179.7
66	i	0.934	1396.38	1178.25
66	j	0.933	1411.63	1178.42
66	k	0.93	1457.23	1177.94
66	l	0.918	1659.53	1178.08
66	m	0.94	1309.92	1178.39
66	n	0.93	1457.32	1178.01
66	o	0.932	1427.07	1178.61
67	a	0.93	1457.56	1178.2
67	b	0.939	1323.44	1177.95
67	c	0.934	1398.79	1180.28
67	d	0.93	1458.76	1179.17
67	e	0.941	1295.96	1178.29
67	f	0.928	1489.15	1178.1
67	g	0.948	1205.46	1180.33
67	h	0.939	1325.5	1179.78
67	i	0.934	1396.27	1178.16
67	j	0.923	1571.69	1178
67	k	0.945	1241.72	1177.89
67	l	0.94	1309.6	1178.1
67	m	0.93	1458.18	1178.71
67	n	0.938	1337.73	1178.04
67	o	0.932	1427.29	1178.79
68	a	0.929	1473.33	1178.21
68	b	0.936	1366.77	1178.19
68	c	0.935	1384.08	1180.43
68	d	0.938	1338.43	1178.66
68	e	0.934	1397.11	1178.86
68	f	0.925	1537.85	1177.86
68	g	0.939	1326.16	1180.37
68	h	0.946	1230.1	1179.28
68	i	0.93	1457.61	1178.24
68	j	0.939	1323.44	1177.94
68	k	0.933	1411.76	1178.53
68	l	0.929	1473.19	1178.09
68	m	0.941	1296.25	1178.55
68	n	0.935	1381.67	1178.38
68	o	0.94	1310.19	1178.63
69	a	0.94	1309.78	1178.26
69	b	0.937	1352.64	1178.53
69	c	0.942	1284.02	1179.9
69	d	0.929	1473.7	1178.5
69	e	0.943	1269.48	1178.98
69	f	0.931	1442.04	1178.25
69	g	0.926	1523.87	1179.84
69	h	0.944	1256.81	1179.66
69	i	0.948	1203.45	1178.35
69	j	0.945	1242	1178.16
69	k	0.928	1489.94	1178.72
69	l	0.954	1178.09	1178.09
69	m	0.934	1396.48	1178.33
69	n	0.94	1311.06	1179.41
69	o	0.945	1242.9	1179.01
70	a	0.945	1242.07	1178.22
70	b	0.944	1255.26	1178.19
70	c	0.931	1442.7	1178.79
70	d	0.945	1242.28	1178.42
70	e	0.934	1397.53	1179.22
70	f	0.938	1338.51	1178.73
70	g	0.953	1179.21	1179.21
70	h	0.93	1459.89	1180.08
70	i	0.953	1178.5	1178.5
70	j	0.935	1381.73	1178.43
70	k	0.933	1412	1178.73
70	l	0.938	1337.77	1178.08
70	m	0.92	1624.21	1178.37
70	n	0.925	1539.66	1179.25
70	o	0.937	1353.2	1179.02
71	a	0.938	1337.83	1178.13
71	b	0.941	1295.39	1177.77
71	c	0.934	1396.19	1178.09
71	d	0.934	1396.73	1178.54
71	e	0.93	1457.69	1178.31
71	f	0.936	1367.67	1178.97
71	g	0.938	1337.77	1178.08
71	h	0.938	1340	1180.04
71	i	0.918	1660.13	1178.51
71	j	0.94	1309.73	1178.21
71	k	0.934	1396.47	1178.32
71	l	0.925	1538.13	1178.08
71	m	0.94	1310.43	1178.84
71	n	0.938	1338.03	1178.31
71	o	0.936	1367.19	1178.56
72	a	0.938	1337.81	1178.11
72	b	0.929	1473.09	1178.01
72	c	0.931	1441.77	1178.03
72	d	0.939	1324.47	1178.86
72	e	0.933	1410.67	1177.62
72	f	0.938	1338	1178.28
72	g	0.943	1267.92	1177.53
72	h	0.927	1506.68	1179.18
72	i	0.935	1381.63	1178.34
72	j	0.934	1395.89	1177.83
72	k	0.93	1457.61	1178.24
72	l	0.931	1441.84	1178.09
72	m	0.931	1443.31	1179.29
72	n	0.928	1488.44	1177.54
72	o	0.938	1338.02	1178.3
73	a	0.943	1268.63	1178.19
73	b	0.928	1489.26	1178.18
73	c	0.941	1297.8	1179.96
73	d	0.922	1589.62	1178.6
73	e	0.935	1382.85	1179.38
73	f	0.934	1395.91	1177.85
73	g	0.932	1426.38	1178.04
73	h	0.931	1442.7	1178.79
73	i	0.953	1178.18	1178.18
73	j	0.93	1456.79	1177.58
73	k	0.93	1457.82	1178.41
73	l	0.939	1323.61	1178.09
73	m	0.941	1296.83	1179.08
73	n	0.934	1395.16	1177.22
73	o	0.93	1458.38	1178.86
74	a	0.923	1572.15	1178.35
74	b	0.934	1396.6	1178.43
74	c	0.949	1193.71	1181.21
74	d	0.945	1241.82	1177.99
74	e	0.944	1257.47	1180.27
74	f	0.932	1426.56	1178.18
74	g	0.95	1179.26	1179.26
74	h	0.934	1397.57	1179.25
74	i	0.931	1441.75	1178.02
74	j	0.928	1488.97	1177.96
74	k	0.935	1381.8	1178.49
74	l	0.938	1337.78	1178.09
74	m	0.932	1427.6	1179.04
74	n	0.931	1442.02	1178.23
74	o	0.94	1311.35	1179.67
75	a	0.938	1338.11	1178.37
75	b	0.937	1352.2	1178.15
75	c	0.938	1341.15	1181.05
75	d	0.931	1441.79	1178.04
75	e	0.945	1242.35	1178.49
75	f	0.954	1178.41	1178.41
75	g	0.933	1413.4	1179.9
75	h	0.928	1490.99	1179.56
75	i	0.947	1215.9	1178.04
75	j	0.937	1352.25	1178.2
75	k	0.943	1268.87	1178.42
75	l	0.927	1505.28	1178.09
75	m	0.927	1506.03	1178.68
75	n	0.936	1367.43	1178.76
75	o	0.948	1204.93	1179.8
76	a	0.929	1473.41	1178.27
76	b	0.932	1426.09	1177.8
76	c	0.945	1244.53	1180.56
76	d	0.953	1178.2	1178.2
76	e	0.93	1457.89	1178.47
76	f	0.936	1366.95	1178.35
76	g	0.937	1353.31	1179.12
76	h	0.939	1325.32	1179.62
76	i	0.936	1366.67	1178.11
76	j	0.935	1381.39	1178.14
76	k	0.935	1381.75	1178.44
76	l	0.926	1521.61	1178.08
76	m	0.936	1366.98	1178.38
76	n	0.936	1367.43	1178.77
76	o	0.938	1339.47	1179.58
77	a	0.943	1268.65	1178.21
77	b	0.94	1309.45	1177.96
77	c	0.935	1383.78	1180.17
77	d	0.928	1489.42	1178.31
77	e	0.939	1324.61	1178.98
77	f	0.944	1255.38	1178.31
77	g	0.926	1521.73	1178.18
77	h	0.934	1398.21	1179.79
77	i	0.944	1255.22	1178.16
77	j	0.932	1426.44	1178.09
77	k	0.94	1310.09	1178.54
77	l	0.95	1178.08	1178.08
77	m	0.922	1588.77	1177.97
77	n	0.937	1353.1	1178.94
77	o	0.947	1216.58	1178.7
78	a	0.937	1352.2	1178.15
78	b	0.935	1381.73	1178.43
78	c	0.938	1338.8	1178.99
78	d	0.929	1473.24	1178.13
78	e	0.939	1325.65	1179.91
78	f	0.931	1441.91	1178.15
78	g	0.941	1295.66	1178.02
78	h	0.936	1368.35	1179.56
78	i	0.929	1473.29	1178.17
78	j	0.931	1441.73	1177.99
78	k	0.924	1555.27	1178.39
78	l	0.947	1215.94	1178.08
78	m	0.94	1309.29	1177.82
78	n	0.935	1382.09	1178.73
78	o	0.939	1323.71	1178.19
79	a	0.938	1337.9	1178.19
79	b	0.943	1268.96	1178.49
79	c	0.949	1191.46	1178.97
79	d	0.936	1366.61	1178.06
79	e	0.936	1368.98	1180.1
79	f	0.938	1337.7	1178.02
79	g	0.947	1216.2	1178.33
79	h	0.938	1338.85	1179.03
79	i	0.936	1366.74	1178.17
79	j	0.941	1295.64	1177.99
79	k	0.937	1352.5	1178.41
79	l	0.939	1323.6	1178.08
79	m	0.952	1178.45	1178.45
79	n	0.934	1396.7	1178.52
79	o	0.944	1255.18	1178.12
80	a	0.941	1295.97	1178.29
80	b	0.932	1426.61	1178.22
80	c	0.936	1368.57	1179.75
80	d	0.926	1521.54	1178.03
80	e	0.934	1397.39	1179.1
80	f	0.924	1555.01	1178.19
80	g	0.935	1382	1178.66
80	h	0.929	1473.8	1178.58
80	i	0.929	1473.26	1178.15
80	j	0.936	1366.68	1178.12
80	k	0.944	1255.49	1178.41
80	l	0.948	1203.18	1178.08
80	m	0.948	1204.01	1178.9
80	n	0.924	1555.21	1178.35
80	o	0.918	1660.06	1178.46
81	a	0.936	1366.91	1178.32
81	b	0.933	1410.71	1177.66
81	c	0.948	1205.16	1180.03
81	d	0.933	1411.29	1178.14
81	e	0.93	1456.65	1177.47
81	f	0.926	1521.97	1178.36
81	g	0.943	1269.12	1178.65
81	h	0.937	1353.07	1178.91
81	i	0.942	1282.11	1178.15
81	j	0.921	1606.45	1178.22
81	k	0.935	1381.63	1178.34
81	l	0.942	1282.04	1178.08
81	m	0.948	1203.44	1178.34
81	n	0.934	1396.79	1178.59
81	o	0.942	1283.06	1179.02
82	a	0.933	1411.48	1178.3
82	b	0.927	1504.12	1177.18
82	c	0.94	1310.81	1179.18
82	d	0.939	1323.8	1178.26
82	e	0.937	1351.75	1177.76
82	f	0.93	1457.73	1178.34
82	g	0.948	1203.56	1178.46
82	h	0.94	1311.64	1179.93
82	i	0.936	1366.7	1178.14
82	j	0.927	1505.34	1178.14
82	k	0.947	1216.07	1178.21
82	l	0.929	1473.18	1178.08
82	m	0.936	1366.7	1178.14
82	n	0.935	1381.91	1178.58
82	o	0.936	1368.38	1179.58
83	a	0.92	1623.9	1178.15
83	b	0.934	1395.07	1177.14
83	c	0.936	1367.18	1178.55
83	d	0.931	1441.91	1178.14
83	e	0.943	1269.38	1178.89
83	f	0.927	1505.55	1178.3
83	g	0.941	1296.07	1178.39
83	h	0.939	1326.11	1180.32
83	i	0.929	1473.21	1178.11
83	j	0.927	1505.39	1178.18
83	k	0.93	1457.66	1178.29
83	l	0.947	1215.94	1178.08
83	m	0.931	1442.37	1178.52
83	n	0.942	1282.54	1178.54
83	o	0.948	1204.46	1179.34
84	a	0.938	1337.74	1178.05
84	b	0.94	1309.38	1177.9
84	c	0.928	1489	1177.98
84	d	0.944	1255.24	1178.18
84	e	0.928	1490.66	1179.3
84	f	0.924	1555.07	1178.24
84	g	0.928	1489.65	1178.5
84	h	0.945	1243.78	1179.85
84	i	0.923	1571.83	1178.11
84	j	0.929	1473.13	1178.04
84	k	0.942	1282.51	1178.51
84	l	0.938	1337.78	1178.08
84	m	0.937	1352.89	1178.75
84	n	0.933	1412.24	1178.93
84	o	0.925	1538.51	1178.37
85	a	0.93	1457.52	1178.17
85	b	0.931	1442.53	1178.65
85	c	0.943	1270.15	1179.6
85	d	0.93	1457.53	1178.18
85	e	0.946	1229.71	1178.91
85	f	0.938	1337.89	1178.18
85	g	0.939	1324.07	1178.51
85	h	0.921	1607.87	1179.27
85	i	0.917	1677.81	1178.15
85	j	0.946	1228.95	1178.17
85	k	0.922	1589.68	1178.64
85	l	0.937	1352.12	1178.08
85	m	0.934	1396	1177.92
85	n	0.93	1458.76	1179.17
85	o	0.952	1178.69	1178.69
86	a	0.939	1323.75	1178.22
86	b	0.935	1382.4	1179
86	c	0.938	1340.63	1180.6
86	d	0.933	1411.28	1178.13
86	e	0.953	1179.48	1179.48
86	f	0.947	1216.13	1178.27
86	g	0.936	1367.22	1178.59
86	h	0.939	1324.49	1178.88
86	i	0.94	1309.68	1178.17
86	j	0.944	1255.23	1178.16
86	k	0.935	1381.74	1178.43
86	l	0.943	1268.51	1178.08
86	m	0.939	1323.42	1177.93
86	n	0.939	1324.86	1179.21
86	o	0.931	1442.43	1178.57
87	a	0.944	1255.22	1178.16
87	b	0.934	1396.69	1178.51
87	c	0.936	1369.45	1180.5
87	d	0.938	1337.82	1178.12
87	e	0.936	1367.82	1179.1
87	f	0.939	1323.83	1178.29
87	g	0.944	1255.64	1178.55
87	h	0.943	1269.35	1178.86
87	i	0.936	1366.73	1178.16
87	j	0.936	1366.65	1178.09
87	k	0.934	1396.27	1178.15
87	l	0.937	1352.12	1178.08
87	m	0.945	1242.47	1178.6
87	n	0.933	1411.91	1178.66
87	o	0.938	1338.26	1178.5
88	a	0.929	1473.34	1178.22
88	b	0.928	1488.43	1177.53
88	c	0.928	1490.6	1179.25
88	d	0.93	1457.32	1178.01
88	e	0.946	1229.6	1178.79
88	f	0.93	1457.54	1178.19
88	g	0.933	1411.81	1178.57
88	h	0.937	1354.21	1179.9
88	i	0.934	1396.24	1178.13
88	j	0.938	1337.81	1178.11
88	k	0.928	1489.29	1178.21
88	l	0.935	1381.33	1178.08
88	m	0.932	1427.75	1179.17
88	n	0.929	1472.98	1177.93
88	o	0.939	1323.94	1178.39
89	a	0.931	1442	1178.22
89	b	0.936	1365.44	1177.05
89	c	0.929	1473.28	1178.17
89	d	0.936	1366.49	1177.95
89	e	0.927	1505.63	1178.36
89	f	0.938	1337.79	1178.1
89	g	0.93	1458.19	1178.71
89	h	0.93	1460.48	1180.56
89	i	0.936	1366.67	1178.11
89	j	0.953	1178.24	1178.24
89	k	0.946	1229.28	1178.49
89	l	0.932	1426.44	1178.08
89	m	0.946	1229.78	1178.97
89	n	0.942	1281.98	1178.03
89	o	0.931	1442.19	1178.38
90	a	0.945	1242.04	1178.2
90	b	0.934	1396.31	1178.19
90	c	0.937	1352.9	1178.76
90	d	0.937	1352	1177.97
90	e	0.942	1282.45	1178.45
90	f	0.92	1623.74	1178.04
90	g	0.92	1624.65	1178.7
90	h	0.934	1398.7	1180.2
90	i	0.935	1381.36	1178.11
90	j	0.936	1367.02	1178.41
90	k	0.931	1442.6	1178.71
90	l	0.939	1323.6	1178.08
90	m	0.955	1178.76	1178.76
90	n	0.946	1229.66	1178.85
90	o	0.929	1473.51	1178.35
91	a	0.948	1203.28	1178.19
91	b	0.942	1282.65	1178.64
91	c	0.942	1283.55	1179.47
91	d	0.926	1521.57	1178.06
91	e	0.933	1411.85	1178.6
91	f	0.925	1538.17	1178.11
91	g	0.933	1412.53	1179.18
91	h	0.95	1179.35	1179.35
91	i	0.936	1366.67	1178.11
91	j	0.925	1538.46	1178.33
91	k	0.926	1522.31	1178.63
91	l	0.939	1323.6	1178.08
91	m	0.942	1281.92	1177.97
91	n	0.936	1368.05	1179.3
91	o	0.927	1505.59	1178.34
92	a	0.944	1255.2	1178.14
92	b	0.938	1337.86	1178.15
92	c	0.935	1383.56	1179.99
92	d	0.93	1457.57	1178.21
92	e	0.927	1506.46	1179.01
92	f	0.933	1411.4	1178.23
92	g	0.924	1556.1	1179.02
92	h	0.946	1229.2	1178.42
92	i	0.929	1473.23	1178.13
92	j	0.916	1696.11	1178.07
92	k	0.939	1323.82	1178.28
92	l	0.947	1215.94	1178.08
92	m	0.935	1381.04	1177.84
92	n	0.937	1353.65	1179.41
92	o	0.952	1178.36	1178.36
93	a	0.938	1337.81	1178.11
93	b	0.937	1351.91	1177.9
93	c	0.927	1507	1179.44
93	d	0.936	1366.79	1178.22
93	e	0.939	1324.53	1178.91
93	f	0.945	1242.22	1178.37
93	g	0.938	1338.48	1178.7
93	h	0.929	1472.97	1177.91
93	i	0.929	1473.23	1178.13
93	j	0.924	1554.68	1177.94
93	k	0.935	1381.56	1178.28
93	l	0.949	1190.56	1178.08
93	m	0.94	1309.95	1178.41
93	n	0.941	1297.16	1179.38
93	o	0.947	1216.05	1178.18
94	a	0.94	1309.61	1178.1
94	b	0.935	1380.88	1177.71
94	c	0.947	1217.14	1179.25
94	d	0.944	1255.35	1178.28
94	e	0.925	1538.87	1178.65
94	f	0.947	1216.18	1178.32
94	g	0.944	1255.73	1178.63
94	h	0.934	1396.47	1178.32
94	i	0.946	1228.93	1178.16
94	j	0.937	1352	1177.98
94	k	0.924	1555.31	1178.42
94	l	0.941	1295.73	1178.08
94	m	0.937	1352.3	1178.24
94	n	0.944	1255.6	1178.52
94	o	0.939	1323.66	1178.14
95	a	0.927	1505.46	1178.23
95	b	0.933	1411.43	1178.26
95	c	0.928	1489.87	1178.67
95	d	0.934	1396.21	1178.1
95	e	0.943	1268.86	1178.4
95	f	0.919	1641.76	1178.23
95	g	0.938	1338.35	1178.59
95	h	0.94	1310.77	1179.15
95	i	0.945	1241.99	1178.15
95	j	0.929	1473.33	1178.2
95	k	0.937	1352.54	1178.45
95	l	0.929	1473.18	1178.08
95	m	0.944	1254.85	1177.82
95	n	0.948	1202.93	1177.84
95	o	0.941	1295.88	1178.22
96	a	0.939	1323.82	1178.28
96	b	0.944	1255.54	1178.46
96	c	0.946	1229.59	1178.78
96	d	0.927	1505.17	1178.01
96	e	0.938	1338.51	1178.73
96	f	0.939	1323.65	1178.13
96	g	0.935	1382.14	1178.78
96	h	0.927	1506.74	1179.24
96	i	0.949	1190.61	1178.14
96	j	0.923	1572.17	1178.36
96	k	0.941	1296.12	1178.44
96	l	0.931	1441.84	1178.08
96	m	0.939	1323.49	1177.99
96	n	0.928	1489.27	1178.19
96	o	0.944	1255.33	1178.26
97	a	0.944	1255.33	1178.27
97	b	0.929	1473.12	1178.04
97	c	0.925	1539.37	1179.03
97	d	0.935	1381.21	1177.99
97	e	0.936	1368.02	1179.28
97	f	0.933	1411.32	1178.17
97	g	0.938	1338.76	1178.95
97	h	0.942	1283.22	1179.17
97	i	0.926	1521.68	1178.14
97	j	0.938	1337.89	1178.19
97	k	0.933	1411.62	1178.41
97	l	0.926	1521.61	1178.08
97	m	0.92	1623.78	1178.06
97	n	0.944	1256.12	1179
97	o	0.94	1309.74	1178.22
98	a	0.925	1538.37	1178.26
98	b	0.937	1351.6	1177.63
98	c	0.941	1297.02	1179.25
98	d	0.947	1216.07	1178.21
98	e	0.935	1382.03	1178.69
98	f	0.949	1190.71	1178.24
98	g	0.911	1792.86	1178.95
98	h	0.934	1396.94	1178.72
98	i	0.937	1352.16	1178.11
98	j	0.934	1395.75	1177.71
98	k	0.931	1442.03	1178.24
98	l	0.934	1396.19	1178.08
98	m	0.94	1310.21	1178.65
98	n	0.936	1367.96	1179.22
98	o	0.947	1216.01	1178.15
99	a	0.939	1323.7	1178.18
99	b	0.929	1472.64	1177.65
99	c	0.923	1573.89	1179.65
99	d	0.929	1473.33	1178.2
99	e	0.934	1396.88	1178.67
99	f	0.939	1323.91	1178.36
99	g	0.94	1310.15	1178.59
99	h	0.922	1589.28	1178.35
99	i	0.927	1505.31	1178.11
99	j	0.938	1337.29	1177.65
99	k	0.927	1505.33	1178.13
99	l	0.951	1178.08	1178.08
99	m	0.933	1412.19	1178.89
99	n	0.933	1411.69	1178.47
99	o	0.933	1411.27	1178.12
