0.975
1	6513.5
2	6513.5
3	6513.5
4	6513.5
5	6492.72
6	6492.72
7	6492.72
8	6492.72
9	6492.72
10	6492.72
11	6485.36
12	6485.36
13	6485.36
14	6485.36
15	6485.36
16	6485.36
17	6449.81
18	6449.81
19	6449.81
20	6449.81
21	6449.81
22	6449.81
23	6449.81
24	6449.81
25	6449.81
26	6449.81
27	6449.81
28	6449.81
29	6446.7
30	6436.76
31	6436.76
32	6436.76
33	6429.06
34	6429.06
35	6404.8
36	6404.8
37	6404.8
38	6404.8
39	6404.8
40	6404.8
41	6402.46
42	6402.46
43	6402.46
44	6392.13
45	6392.13
46	6386.93
47	6369.75
48	6369.75
49	6369.75
50	6369.75
51	6369.75
52	6369.75
53	6356.79
54	6347.09
55	6347.09
56	6347.09
57	6339.06
58	6339.06
59	6331.9
60	6331.9
61	6326.16
62	6294.86
63	6294.86
64	6294.86
65	6294.86
66	6294.86
67	6294.86
68	6294.86
69	6294.86
70	6294.86
71	6294.86
72	6294.86
73	6294.86
74	6294.86
75	6294.86
76	6294.86
77	6294.86
78	6294.86
79	6294.86
80	6294.86
81	6294.86
82	6289.76
83	6289.76
84	6289.76
85	6289.76
86	6289.76
87	6285.74
88	6285.74
89	6285.74
90	6285.74
91	6285.74
92	6285.74
93	6282.2
94	6282.2
95	6282.2
96	6282.2
97	6282.2
98	6279.28
99	6279.11
100	6279.11
6279.11


1	6546.41
2	6546.41
3	6546.41
4	6544.84
5	6544.84
6	6544.84
7	6544.84
8	6544.84
9	6544.84
10	6525.67
11	6525.67
12	6525.67
13	6525.67
14	6525.67
15	6525.67
16	6510.56
17	6510.56
18	6480.27
19	6480.27
20	6480.27
21	6480.27
22	6480.27
23	6472.5
24	6471.35
25	6471.35
26	6471.35
27	6471.35
28	6469.23
29	6469.23
30	6469.23
31	6431.73
32	6415.33
33	6415.33
34	6415.33
35	6412.44
36	6412.44
37	6412.44
38	6398.93
39	6398.93
40	6398.93
41	6398.93
42	6398.93
43	6395.76
44	6395.76
45	6384.95
46	6384.95
47	6373.54
48	6373.54
49	6373.54
50	6373.54
51	6373.54
52	6373.54
53	6373.54
54	6373.54
55	6373.54
56	6373.54
57	6361.41
58	6361.41
59	6361.41
60	6361.41
61	6361.41
62	6361.41
63	6354.25
64	6354.25
65	6346.23
66	6342
67	6342
68	6334.8
69	6334.8
70	6334.8
71	6334.8
72	6334.8
73	6319.33
74	6315.91
75	6315.91
76	6315.91
77	6315.91
78	6315.91
79	6315.91
80	6315.91
81	6313.9
82	6313.9
83	6306.74
84	6306.74
85	6306.74
86	6306.74
87	6306.74
88	6298.67
89	6298.67
90	6298.67
91	6287.03
92	6287.03
93	6287.03
94	6275.46
95	6275.46
96	6275.46
97	6275.46
98	6275.46
99	6275.46
100	6275.46
6275.46


1	6522.72
2	6522.72
3	6522.72
4	6522.72
5	6470.88
6	6470.88
7	6470.88
8	6470.88
9	6470.88
10	6470.88
11	6470.88
12	6470.88
13	6470.88
14	6470.88
15	6470.88
16	6470.88
17	6470.88
18	6470.88
19	6448.9
20	6448.9
21	6448.9
22	6448.9
23	6448.9
24	6448.9
25	6448.9
26	6448.9
27	6448.9
28	6448.9
29	6448.12
30	6448.12
31	6443.86
32	6443.86
33	6433.28
34	6433.28
35	6433.28
36	6404.21
37	6404.21
38	6393.34
39	6368.95
40	6368.95
41	6368.95
42	6368.95
43	6368.95
44	6368.95
45	6368.95
46	6368.95
47	6368.95
48	6352.03
49	6352.03
50	6352.03
51	6352.03
52	6352.03
53	6352.03
54	6339.27
55	6339.27
56	6334.77
57	6334.77
58	6334.77
59	6334.77
60	6334.77
61	6334.77
62	6334.77
63	6331.87
64	6331.87
65	6326.71
66	6326.71
67	6326.71
68	6326.71
69	6326.71
70	6317.76
71	6309.36
72	6309.36
73	6309.36
74	6309.36
75	6308.47
76	6308.47
77	6308.47
78	6308.31
79	6308.31
80	6303.11
81	6303.11
82	6303.11
83	6303.11
84	6300.46
85	6295.46
86	6295.46
87	6295.08
88	6290.45
89	6290.45
90	6290.45
91	6287
92	6287
93	6287
94	6287
95	6285.45
96	6285.45
97	6279.42
98	6279.42
99	6279.42
100	6279.42
6279.42


1	6487.95
2	6487.95
3	6487.95
4	6487.95
5	6487.95
6	6487.95
7	6487.95
8	6487.95
9	6487.95
10	6487.95
11	6487.95
12	6487.95
13	6401.03
14	6401.03
15	6401.03
16	6401.03
17	6401.03
18	6401.03
19	6401.03
20	6401.03
21	6401.03
22	6401.03
23	6401.03
24	6401.03
25	6401.03
26	6401.03
27	6401.03
28	6401.03
29	6401.03
30	6401.03
31	6401.03
32	6401.03
33	6401.03
34	6401.03
35	6401.03
36	6401.03
37	6401.03
38	6401.03
39	6401.03
40	6401.03
41	6389.57
42	6389.57
43	6389.57
44	6389.57
45	6376
46	6363.86
47	6363.86
48	6363.86
49	6363.86
50	6363.86
51	6363.86
52	6363.86
53	6363.86
54	6363.86
55	6363.86
56	6351.79
57	6351.79
58	6351.79
59	6351.67
60	6351.67
61	6351.67
62	6351.67
63	6351.67
64	6349.29
65	6337.63
66	6334.91
67	6330.51
68	6330.51
69	6330.3
70	6325.08
71	6325.08
72	6325.08
73	6325.08
74	6321.05
75	6315.3
76	6315.3
77	6315.3
78	6315.3
79	6315.3
80	6315.3
81	6315.3
82	6306.01
83	6306.01
84	6306.01
85	6306.01
86	6306.01
87	6306.01
88	6306.01
89	6303.94
90	6303.94
91	6303.94
92	6303.94
93	6300.8
94	6300.8
95	6300.8
96	6300.8
97	6297.31
98	6297.31
99	6297.31
100	6297.31
6297.31


1	6564.75
2	6564.75
3	6564.75
4	6564.75
5	6545.54
6	6537.78
7	6537.78
8	6537.78
9	6537.78
10	6537.78
11	6501.11
12	6501.11
13	6501.11
14	6501.11
15	6484
16	6452.5
17	6452.5
18	6452.5
19	6452.5
20	6452.5
21	6452.5
22	6452.5
23	6452.5
24	6452.5
25	6452.5
26	6452.5
27	6438.01
28	6438.01
29	6424.64
30	6424.64
31	6415.24
32	6415.12
33	6400.09
34	6400.09
35	6400.09
36	6400.09
37	6370.38
38	6370.38
39	6370.38
40	6370.38
41	6363.39
42	6363.39
43	6363.39
44	6358.06
45	6358.06
46	6358.06
47	6358.06
48	6358.06
49	6358.06
50	6339.47
51	6338.87
52	6338.87
53	6338.87
54	6338.87
55	6329.45
56	6329.45
57	6296.84
58	6296.84
59	6296.84
60	6296.84
61	6296.84
62	6296.84
63	6296.84
64	6296.84
65	6296.84
66	6296.84
67	6295.32
68	6295.32
69	6285.73
70	6285.73
71	6285.61
72	6285.61
73	6285.61
74	6285.61
75	6285.61
76	6285.61
77	6285.61
78	6283.69
79	6278.68
80	6275.48
81	6275.48
82	6275.48
83	6275.48
84	6275.48
85	6275.48
86	6275.48
87	6275.48
88	6275.48
89	6275.48
90	6275.48
91	6275.48
92	6268.97
93	6268.97
94	6268.97
95	6268.97
96	6268.97
97	6267.55
98	6267.55
99	6265.11
100	6265.11
6265.11


1	6547.42
2	6547.42
3	6547.42
4	6547.42
5	6547.42
6	6547.42
7	6513.33
8	6513.33
9	6513.33
10	6513.33
11	6510.73
12	6499.02
13	6499.02
14	6499.02
15	6499.02
16	6499.02
17	6499.02
18	6499.02
19	6499.02
20	6499.02
21	6499.02
22	6496.43
23	6496.43
24	6466.85
25	6466.85
26	6466.85
27	6441.96
28	6441.96
29	6441.96
30	6441.96
31	6441.96
32	6441.96
33	6408.34
34	6408.34
35	6408.34
36	6408.34
37	6408.34
38	6405.74
39	6405.74
40	6405.74
41	6405.74
42	6405.32
43	6405.32
44	6398.97
45	6385.31
46	6385.31
47	6385.31
48	6364.35
49	6364.35
50	6364.35
51	6364.35
52	6364.35
53	6364.35
54	6364.35
55	6364.35
56	6364.35
57	6364.35
58	6356.68
59	6356.68
60	6356.68
61	6356.55
62	6338.1
63	6332.03
64	6332.03
65	6325.5
66	6325.5
67	6325.5
68	6325.5
69	6320.07
70	6294.59
71	6294.59
72	6294.59
73	6294.59
74	6294.59
75	6294.59
76	6294.59
77	6294.59
78	6294.59
79	6292.78
80	6292.78
81	6292.78
82	6292.78
83	6292.78
84	6292.78
85	6292.78
86	6292.78
87	6286.02
88	6286.02
89	6286.02
90	6286.02
91	6286.02
92	6286.02
93	6286.02
94	6286.02
95	6286.02
96	6286.02
97	6285.17
98	6284.39
99	6278.06
100	6277.01
6277.01


1	6551.34
2	6551.34
3	6551.34
4	6551.34
5	6551.34
6	6551.34
7	6551.34
8	6539.53
9	6539.53
10	6508.28
11	6508.28
12	6497.68
13	6497.68
14	6497.68
15	6488.62
16	6481.19
17	6481.19
18	6481.19
19	6474.62
20	6474.62
21	6443.2
22	6443.2
23	6443.2
24	6403.14
25	6403.14
26	6403.14
27	6403.14
28	6403.14
29	6403.14
30	6403.14
31	6403.14
32	6403.14
33	6400.24
34	6400.24
35	6400.24
36	6400.24
37	6400.24
38	6400.24
39	6399.17
40	6389.48
41	6389.48
42	6388.69
43	6388.69
44	6388.69
45	6388.69
46	6388.69
47	6355.09
48	6355.09
49	6355.09
50	6338.34
51	6338.34
52	6338.34
53	6338.34
54	6332.74
55	6332.74
56	6332.74
57	6332.74
58	6307.56
59	6307.56
60	6307.56
61	6307.56
62	6307.56
63	6307.56
64	6307.56
65	6307.56
66	6307.56
67	6303.92
68	6303.92
69	6303.55
70	6303.55
71	6301.63
72	6292.56
73	6292.56
74	6292.56
75	6292.56
76	6292.56
77	6292.56
78	6292.56
79	6285.33
80	6274.73
81	6274.73
82	6274.73
83	6274.73
84	6274.73
85	6274.73
86	6274.73
87	6274.73
88	6274.73
89	6274.73
90	6274.73
91	6274.73
92	6274.73
93	6274.73
94	6264.11
95	6264.11
96	6264.11
97	6264.11
98	6264.11
99	6264.11
100	6264.11
6264.11


1	6541.56
2	6541.56
3	6540.1
4	6540.1
5	6540.1
6	6540.1
7	6540.1
8	6540.1
9	6540.1
10	6528.46
11	6528.46
12	6528.46
13	6493.4
14	6493.4
15	6493.4
16	6493.4
17	6493.4
18	6493.4
19	6493.4
20	6493.4
21	6493.4
22	6417.18
23	6417.18
24	6417.18
25	6417.18
26	6417.18
27	6417.18
28	6417.18
29	6417.18
30	6417.18
31	6417.18
32	6417.18
33	6417.18
34	6413.22
35	6413.22
36	6413.22
37	6413.22
38	6379.76
39	6379.76
40	6379.76
41	6379.76
42	6379.76
43	6379.76
44	6376.08
45	6376.08
46	6376.08
47	6376.08
48	6376.08
49	6376.08
50	6376.08
51	6376.08
52	6376.08
53	6368.08
54	6361.75
55	6361.75
56	6361.75
57	6354.52
58	6354.52
59	6354.52
60	6353.45
61	6336.97
62	6336.97
63	6336.97
64	6335.56
65	6335.56
66	6335.56
67	6335.56
68	6324.4
69	6324.4
70	6324.4
71	6324.4
72	6324.4
73	6324.4
74	6324.4
75	6324.4
76	6311.15
77	6311.15
78	6311.15
79	6311.15
80	6311.15
81	6291.26
82	6291.26
83	6291.26
84	6291.26
85	6291.26
86	6291.26
87	6291.26
88	6291.26
89	6290.42
90	6290.42
91	6288.49
92	6288.49
93	6288.49
94	6288.49
95	6287.04
96	6287.04
97	6287.04
98	6287.04
99	6280.01
100	6280.01
6280.01


1	6575.64
2	6575.64
3	6575.64
4	6575.64
5	6575.64
6	6575.64
7	6575.64
8	6540.26
9	6540.26
10	6540.26
11	6536.25
12	6536.25
13	6536.25
14	6536.25
15	6536.25
16	6500.28
17	6500.28
18	6500.28
19	6500.28
20	6500.28
21	6466.72
22	6466.72
23	6466.72
24	6456.05
25	6456.05
26	6456.05
27	6446.8
28	6446.8
29	6446.8
30	6446.8
31	6445.66
32	6445.66
33	6430.82
34	6430.82
35	6430.82
36	6417.69
37	6417.69
38	6417.69
39	6417.69
40	6417.69
41	6412.03
42	6412.03
43	6399.25
44	6399.25
45	6399.25
46	6399.25
47	6399.25
48	6388.25
49	6339.85
50	6339.85
51	6339.85
52	6337.49
53	6337.49
54	6337.49
55	6337.49
56	6337.49
57	6337.49
58	6334.33
59	6334.33
60	6329.55
61	6329.55
62	6329.55
63	6329.55
64	6329.08
65	6325.67
66	6325.67
67	6325.67
68	6316.03
69	6312.58
70	6312.58
71	6300.22
72	6300.22
73	6300.22
74	6300.22
75	6300.22
76	6300.22
77	6300.22
78	6300.22
79	6300.22
80	6300.22
81	6289.3
82	6289.3
83	6289.3
84	6289.3
85	6289.3
86	6289.3
87	6281.17
88	6281.17
89	6281.17
90	6281.17
91	6281.17
92	6281.17
93	6281.17
94	6281.17
95	6281.17
96	6273.42
97	6269.8
98	6269.8
99	6269.8
100	6269.8
6269.8


1	6573.66
2	6506.71
3	6506.71
4	6506.71
5	6506.71
6	6506.71
7	6489.23
8	6489.23
9	6486.43
10	6486.43
11	6486.43
12	6486.43
13	6486.43
14	6486.43
15	6486.43
16	6456.37
17	6456.37
18	6456.37
19	6456.37
20	6456.37
21	6456.37
22	6446.09
23	6446.09
24	6446.09
25	6446.09
26	6446.09
27	6446.09
28	6446.09
29	6446.09
30	6446.09
31	6446.09
32	6446.09
33	6446.09
34	6446.09
35	6428.44
36	6428.44
37	6397.77
38	6397.77
39	6397.77
40	6397.77
41	6397.77
42	6397.77
43	6397.77
44	6381.85
45	6381.85
46	6381.85
47	6381.85
48	6381.85
49	6381.85
50	6381.85
51	6377.63
52	6338.87
53	6338.87
54	6338.87
55	6338.87
56	6338.87
57	6338.87
58	6338.87
59	6338.87
60	6338.87
61	6338.87
62	6338.87
63	6325.73
64	6325.73
65	6325.73
66	6325.73
67	6325.73
68	6325.73
69	6325.73
70	6325.64
71	6321.98
72	6321.98
73	6313.09
74	6313.09
75	6310.13
76	6296.87
77	6296.87
78	6296.87
79	6296.87
80	6296.87
81	6296.87
82	6296.87
83	6296.87
84	6296.87
85	6296.87
86	6296.87
87	6296.87
88	6291.07
89	6279.37
90	6279.37
91	6279.37
92	6279.37
93	6279.37
94	6279.37
95	6279.37
96	6279.37
97	6279.37
98	6279.37
99	6279.37
100	6279.37
6279.37


1	6567.87
2	6567.87
3	6567.87
4	6567.87
5	6567.87
6	6509.18
7	6509.18
8	6509.18
9	6509.18
10	6509.18
11	6509.18
12	6488.15
13	6488.15
14	6486.78
15	6486.78
16	6486.78
17	6486.78
18	6486.78
19	6486.78
20	6482.54
21	6482.54
22	6482.54
23	6482.54
24	6482.54
25	6444.93
26	6444.93
27	6444.93
28	6444.93
29	6444.93
30	6444.93
31	6444.93
32	6444.93
33	6444.93
34	6444.93
35	6444.93
36	6442.11
37	6438.87
38	6438.87
39	6428.7
40	6428.7
41	6421.77
42	6421.77
43	6421.77
44	6418.96
45	6418.96
46	6418.96
47	6408.74
48	6408.74
49	6408.74
50	6408.74
51	6399.58
52	6399.58
53	6385.55
54	6381
55	6380.95
56	6380.95
57	6358.1
58	6358.1
59	6358.1
60	6344.01
61	6344.01
62	6344.01
63	6344.01
64	6344.01
65	6341.72
66	6341.72
67	6315.07
68	6315.07
69	6315.07
70	6315.07
71	6315.07
72	6315.07
73	6315.07
74	6315.07
75	6315.07
76	6315.07
77	6315.07
78	6315.07
79	6315.07
80	6315.07
81	6313.85
82	6311.72
83	6309.66
84	6309.66
85	6309.66
86	6297.14
87	6297.14
88	6297.14
89	6297.14
90	6297.14
91	6296.04
92	6296.04
93	6293.08
94	6293.08
95	6292.66
96	6292.66
97	6292.66
98	6292.66
99	6292.66
100	6289.39
6289.39


1	6539
2	6539
3	6539
4	6490.75
5	6490.75
6	6490.75
7	6490.75
8	6490.75
9	6490.75
10	6478.49
11	6478.49
12	6478.49
13	6442.35
14	6442.35
15	6442.35
16	6442.35
17	6433.79
18	6433.79
19	6433.79
20	6433.79
21	6433.79
22	6433.79
23	6433.79
24	6433.79
25	6433.79
26	6433.79
27	6433.79
28	6433.05
29	6433.05
30	6430.51
31	6410.57
32	6410.57
33	6410.57
34	6410.57
35	6410.57
36	6410.57
37	6410.57
38	6401.38
39	6401.38
40	6386.33
41	6386.33
42	6386.33
43	6386.33
44	6386.33
45	6386.33
46	6359.95
47	6355.81
48	6355.81
49	6355.81
50	6355.81
51	6355.81
52	6338.2
53	6338.2
54	6338.2
55	6338.2
56	6337.83
57	6331.89
58	6328.05
59	6328.05
60	6328.05
61	6328.05
62	6328.05
63	6298.04
64	6298.04
65	6298.04
66	6298.04
67	6298.04
68	6298.04
69	6298.04
70	6298.04
71	6298.04
72	6298.04
73	6298.04
74	6298.04
75	6298.04
76	6291.55
77	6291.55
78	6291.55
79	6291.55
80	6291.55
81	6291.55
82	6291.55
83	6291.55
84	6291.55
85	6291.55
86	6282.52
87	6282.52
88	6282.52
89	6282.52
90	6282.52
91	6282.52
92	6282.52
93	6282.52
94	6282.52
95	6282.52
96	6282.52
97	6280.49
98	6280.49
99	6280.49
100	6274.01
6274.01


1	6569.22
2	6569.22
3	6569.22
4	6569.22
5	6568.13
6	6539.87
7	6520.76
8	6520.76
9	6520.76
10	6516.48
11	6516.48
12	6516.48
13	6495.28
14	6445.93
15	6445.93
16	6445.93
17	6445.93
18	6426.69
19	6426.69
20	6426.69
21	6426.69
22	6426.69
23	6426.69
24	6426.69
25	6426.69
26	6426.69
27	6426.69
28	6426.69
29	6426.69
30	6426.69
31	6426.69
32	6426.69
33	6420.38
34	6420.38
35	6420.38
36	6420.38
37	6420.38
38	6420.38
39	6420.38
40	6412.29
41	6394.24
42	6390.21
43	6390.21
44	6381.38
45	6381.38
46	6369.69
47	6369.69
48	6365.27
49	6355.12
50	6355.12
51	6355.12
52	6355.12
53	6338.34
54	6338.34
55	6338.34
56	6338.34
57	6338.34
58	6338.34
59	6338.34
60	6338.34
61	6338.34
62	6338.34
63	6338.34
64	6331.91
65	6331.91
66	6319.24
67	6309.09
68	6309.09
69	6309.09
70	6302.75
71	6302.75
72	6302.75
73	6302.75
74	6300.78
75	6297.66
76	6296.35
77	6296.35
78	6295.02
79	6295.02
80	6289.16
81	6288.19
82	6288.19
83	6288.19
84	6278.69
85	6278.69
86	6278.69
87	6278.69
88	6278.69
89	6278.69
90	6277.67
91	6275.98
92	6275.98
93	6275.98
94	6275.98
95	6274.7
96	6262.76
97	6262.76
98	6262.76
99	6262.76
100	6262.76
6262.76


1	6540.13
2	6540.13
3	6540.13
4	6540.13
5	6540.13
6	6540.13
7	6540.13
8	6540.13
9	6540.13
10	6537.57
11	6509.64
12	6509.64
13	6509.64
14	6486.01
15	6485.59
16	6485.59
17	6485.59
18	6485.59
19	6485.59
20	6485.59
21	6426.61
22	6426.61
23	6426.61
24	6426.61
25	6426.61
26	6426.61
27	6426.61
28	6426.61
29	6426.61
30	6426.61
31	6426.61
32	6425.39
33	6414.31
34	6414.31
35	6414.31
36	6403.39
37	6403.39
38	6403.39
39	6403.39
40	6403.39
41	6403.39
42	6389.03
43	6389.03
44	6371.88
45	6371.88
46	6362.19
47	6362.19
48	6362.19
49	6362.19
50	6362.19
51	6362.19
52	6361.05
53	6361.05
54	6359.79
55	6347.54
56	6347.54
57	6347.54
58	6347.54
59	6347.54
60	6338.67
61	6338.67
62	6338.67
63	6338.67
64	6338.67
65	6338.67
66	6338.67
67	6335.96
68	6335.96
69	6335.96
70	6335.96
71	6335.14
72	6329.44
73	6329.44
74	6329.44
75	6326.08
76	6318.67
77	6318.67
78	6318.67
79	6318.67
80	6314.12
81	6314.12
82	6314.12
83	6314.12
84	6300.6
85	6300.6
86	6300.6
87	6300.6
88	6300.6
89	6300.6
90	6300.6
91	6295.36
92	6292.32
93	6292.32
94	6292.32
95	6292.32
96	6292.32
97	6288.02
98	6288.02
99	6288.02
100	6277.57
6277.57


1	6526.2
2	6490.97
3	6490.97
4	6480.99
5	6480.99
6	6480.99
7	6480.99
8	6480.99
9	6480.99
10	6480.99
11	6480.99
12	6480.99
13	6470.01
14	6470.01
15	6470.01
16	6470.01
17	6409.02
18	6409.02
19	6409.02
20	6409.02
21	6409.02
22	6409.02
23	6409.02
24	6409.02
25	6409.02
26	6409.02
27	6409.02
28	6409.02
29	6409.02
30	6409.02
31	6409.02
32	6409.02
33	6409.02
34	6381.57
35	6381.57
36	6381.57
37	6380
38	6380
39	6379.89
40	6379.89
41	6376.7
42	6376.7
43	6374.7
44	6371.01
45	6345.4
46	6345.4
47	6345.4
48	6345.4
49	6345.4
50	6345.4
51	6345.4
52	6339.91
53	6339.91
54	6339.91
55	6339.91
56	6339.91
57	6339.91
58	6339.43
59	6325.67
60	6325.67
61	6317.8
62	6317.8
63	6311.22
64	6311.22
65	6311.22
66	6311.22
67	6307.44
68	6307.44
69	6307.44
70	6304.42
71	6304.42
72	6304.42
73	6304.42
74	6304.42
75	6299.88
76	6298.23
77	6290.66
78	6290.66
79	6290.66
80	6290.66
81	6290.66
82	6290.66
83	6290.66
84	6290.66
85	6290.66
86	6290.66
87	6285.16
88	6285.16
89	6285
90	6284.59
91	6284.59
92	6284.59
93	6284.59
94	6281.76
95	6277.92
96	6277.92
97	6277.92
98	6277.92
99	6277.92
100	6276.76
6276.76


1	6560.01
2	6560.01
3	6560.01
4	6560.01
5	6560.01
6	6560.01
7	6560.01
8	6560.01
9	6560.01
10	6560.01
11	6541.73
12	6541.73
13	6520.59
14	6520.59
15	6520.59
16	6520.59
17	6520.59
18	6520.59
19	6520.59
20	6490.34
21	6472.04
22	6472.04
23	6457.37
24	6457.37
25	6457.37
26	6457.37
27	6457.37
28	6457.37
29	6432.25
30	6432.25
31	6432.25
32	6432.25
33	6432.25
34	6432.25
35	6432.25
36	6404.43
37	6404.43
38	6404.43
39	6404.43
40	6404.43
41	6404.43
42	6404.43
43	6401.78
44	6396.17
45	6396.17
46	6390.89
47	6390.89
48	6386.17
49	6386.17
50	6386.17
51	6386.17
52	6343.55
53	6343.55
54	6343.55
55	6343.55
56	6343.55
57	6343.55
58	6343.55
59	6343.55
60	6343.55
61	6343.55
62	6343.55
63	6343.55
64	6343.55
65	6343.55
66	6343.55
67	6334.51
68	6334.51
69	6334.51
70	6334.51
71	6334.51
72	6322.5
73	6307.91
74	6307.91
75	6307.91
76	6307.91
77	6307.91
78	6307.91
79	6306.84
80	6306.84
81	6306.84
82	6306.84
83	6306.84
84	6306.41
85	6306.41
86	6306.41
87	6306.41
88	6302.83
89	6295.51
90	6295.51
91	6293.2
92	6293.2
93	6293.2
94	6293.19
95	6279.81
96	6279.81
97	6279.81
98	6279.81
99	6279.81
100	6277.88
6277.88


1	6567.37
2	6540.09
3	6540.09
4	6540.09
5	6513.21
6	6513.21
7	6480.99
8	6480.99
9	6480.99
10	6480.99
11	6480.99
12	6480.99
13	6480.99
14	6480.99
15	6480.99
16	6478.91
17	6467.6
18	6467.6
19	6467.6
20	6467.6
21	6467.6
22	6467.6
23	6420.9
24	6420.9
25	6420.9
26	6420.9
27	6420.9
28	6420.9
29	6420.9
30	6420.9
31	6420.9
32	6393.52
33	6393.52
34	6393.52
35	6393.52
36	6393.52
37	6393.52
38	6393.52
39	6393.52
40	6393.52
41	6393.52
42	6393.52
43	6393.52
44	6393.52
45	6381.44
46	6379.98
47	6357.15
48	6357.15
49	6357.15
50	6336.47
51	6336.47
52	6336.47
53	6312.34
54	6312.34
55	6312.34
56	6312.34
57	6312.34
58	6312.34
59	6312.34
60	6312.34
61	6312.34
62	6312.34
63	6312.34
64	6312.34
65	6312.34
66	6312.34
67	6312.34
68	6312.34
69	6312.34
70	6312.34
71	6312.34
72	6310.98
73	6310.98
74	6310.98
75	6310.98
76	6308.03
77	6308.03
78	6308.03
79	6308.03
80	6300.15
81	6300.15
82	6300.15
83	6300.15
84	6300.15
85	6300.15
86	6300.15
87	6300.15
88	6300.15
89	6289.19
90	6289.19
91	6289.19
92	6289.19
93	6289.19
94	6289.19
95	6286.59
96	6286.59
97	6286.59
98	6286.59
99	6286.59
100	6286.59
6286.59


1	6560.6
2	6560.6
3	6560.6
4	6560.6
5	6560.6
6	6560.6
7	6560.6
8	6560.6
9	6532.87
10	6532.87
11	6532.87
12	6532.87
13	6528.88
14	6528.88
15	6526.9
16	6516.06
17	6506.04
18	6506.04
19	6506.04
20	6506.04
21	6506.04
22	6476.24
23	6476.24
24	6476.24
25	6457.04
26	6457.04
27	6457.04
28	6422.06
29	6422.06
30	6422.06
31	6422.06
32	6420.45
33	6396.05
34	6396.05
35	6396.05
36	6396.05
37	6396.05
38	6396.05
39	6396.05
40	6396.05
41	6396.05
42	6396.05
43	6367.58
44	6367.58
45	6367.58
46	6367.58
47	6367.58
48	6367.58
49	6367.58
50	6367.58
51	6367.58
52	6367.58
53	6358.65
54	6358.65
55	6358.65
56	6358.65
57	6358.65
58	6358.65
59	6358.65
60	6354.91
61	6341.27
62	6338.62
63	6338.62
64	6338.62
65	6338.62
66	6338.62
67	6338.62
68	6337.67
69	6330.27
70	6325.41
71	6325.41
72	6325.41
73	6325.41
74	6325.41
75	6325.41
76	6325.41
77	6319.51
78	6319.51
79	6318.9
80	6318.9
81	6312.25
82	6311.91
83	6309.36
84	6305.98
85	6296.13
86	6293.95
87	6293.33
88	6293.33
89	6293.33
90	6293.33
91	6293.33
92	6293.33
93	6289.73
94	6289.73
95	6289.73
96	6287.38
97	6287.38
98	6287.38
99	6283.26
100	6283.26
6283.26


1	6540.38
2	6540.38
3	6540.38
4	6540.38
5	6540.38
6	6540.38
7	6540.38
8	6524.32
9	6471.81
10	6471.81
11	6471.81
12	6471.81
13	6471.81
14	6471.81
15	6471.81
16	6471.81
17	6471.81
18	6471.81
19	6459.26
20	6459.26
21	6448.02
22	6448.02
23	6448.02
24	6448.02
25	6448.02
26	6448.02
27	6448.02
28	6448.02
29	6448.02
30	6439.15
31	6439.15
32	6439.15
33	6429.29
34	6425.56
35	6388.97
36	6388.97
37	6372.5
38	6372.5
39	6372.5
40	6372.1
41	6372.1
42	6372.1
43	6372.1
44	6372.1
45	6336.75
46	6336.75
47	6336.75
48	6336.75
49	6336.75
50	6336.75
51	6336.75
52	6336.75
53	6336.75
54	6336.75
55	6336.75
56	6336.75
57	6336.75
58	6336.75
59	6336.75
60	6336.75
61	6333.1
62	6324.42
63	6306.53
64	6306.53
65	6306.53
66	6306.53
67	6306.53
68	6305
69	6305
70	6296.24
71	6296.24
72	6296.24
73	6296.24
74	6296.24
75	6296.24
76	6296.24
77	6296.24
78	6296.24
79	6296.24
80	6296.24
81	6296.24
82	6296.24
83	6286.54
84	6286.54
85	6286.54
86	6286.54
87	6286.45
88	6284.34
89	6284.34
90	6284.34
91	6282.77
92	6270.65
93	6270.65
94	6270.65
95	6270.65
96	6270.65
97	6270.65
98	6270.65
99	6270.65
100	6270.65
6270.65


1	6574.32
2	6537.14
3	6537.14
4	6537.14
5	6537.14
6	6537.14
7	6537.14
8	6536.71
9	6536.71
10	6536.71
11	6536.71
12	6536.71
13	6536.71
14	6536.71
15	6536.71
16	6536.71
17	6536.71
18	6524.83
19	6524.83
20	6498.69
21	6498.69
22	6498.69
23	6498.69
24	6498.69
25	6498.69
26	6498.69
27	6498.69
28	6498.69
29	6498.44
30	6498.44
31	6498.44
32	6496.96
33	6496.96
34	6490.18
35	6472.27
36	6472.27
37	6455.57
38	6455.57
39	6455.57
40	6455.57
41	6455.57
42	6455.57
43	6455.57
44	6455.57
45	6404.05
46	6404.05
47	6404.05
48	6404.05
49	6404.05
50	6404.05
51	6404.05
52	6404.05
53	6404.05
54	6404.05
55	6404.05
56	6404.05
57	6387.13
58	6387.13
59	6387.13
60	6384.4
61	6384.4
62	6363.45
63	6363.45
64	6344.66
65	6344.66
66	6344.66
67	6344.66
68	6344.66
69	6344.66
70	6344.66
71	6344.66
72	6335.39
73	6335.39
74	6335.39
75	6335.39
76	6335.39
77	6335.39
78	6335.39
79	6335.39
80	6320.49
81	6320.49
82	6320.49
83	6320.08
84	6320.08
85	6311.94
86	6311.94
87	6311.94
88	6311.94
89	6311.94
90	6311.94
91	6309.21
92	6309.21
93	6309.21
94	6309.21
95	6309.21
96	6304.28
97	6304.28
98	6304.28
99	6304.28
100	6304.28
6304.28


1	6538.97
2	6538.97
3	6533.68
4	6533.68
5	6533.68
6	6533.68
7	6530.32
8	6530.32
9	6530.32
10	6530.32
11	6530.32
12	6530.32
13	6530.32
14	6530.32
15	6530.32
16	6530.32
17	6509.72
18	6509.72
19	6489.88
20	6489.88
21	6489.88
22	6453.64
23	6453.64
24	6453.64
25	6453.64
26	6453.64
27	6453.64
28	6453.64
29	6405.13
30	6405.13
31	6405.13
32	6405.13
33	6405.13
34	6405.13
35	6405.13
36	6405.13
37	6399.63
38	6399.63
39	6385.24
40	6385.24
41	6385.24
42	6385.24
43	6385.24
44	6385.24
45	6377.87
46	6352.64
47	6352.64
48	6352.64
49	6352.64
50	6352.64
51	6352.64
52	6352.64
53	6352.64
54	6352.64
55	6352.64
56	6352.64
57	6352.64
58	6349.7
59	6349.7
60	6349.7
61	6349.7
62	6349.7
63	6347.26
64	6347.26
65	6347.26
66	6347.26
67	6343.31
68	6343.31
69	6335.88
70	6327.56
71	6327.56
72	6327.56
73	6327.56
74	6327.56
75	6327.56
76	6325.57
77	6325.02
78	6325.02
79	6318.47
80	6312.04
81	6312.04
82	6304.05
83	6304.05
84	6304.05
85	6304.05
86	6304.05
87	6304.05
88	6304.05
89	6304.05
90	6304.05
91	6303.99
92	6303.99
93	6303.99
94	6303.99
95	6302.75
96	6300.32
97	6295.01
98	6295.01
99	6295.01
100	6283.28
6283.28


1	6537.54
2	6517.7
3	6517.7
4	6517.7
5	6517.7
6	6517.7
7	6517.7
8	6517.7
9	6517.7
10	6517.7
11	6517.7
12	6517.7
13	6517.7
14	6517.7
15	6467.5
16	6467.5
17	6467.5
18	6467.5
19	6461.05
20	6461.05
21	6461.05
22	6461.05
23	6461.05
24	6461.05
25	6461.05
26	6453.01
27	6453.01
28	6446.48
29	6446.48
30	6408.19
31	6408.19
32	6408.19
33	6408.19
34	6408.19
35	6408.19
36	6408.19
37	6408.19
38	6408.19
39	6408.19
40	6408.19
41	6394.53
42	6392.47
43	6383.26
44	6383.26
45	6383.26
46	6363.05
47	6363.05
48	6363.05
49	6347.02
50	6347.02
51	6347.02
52	6347.02
53	6347.02
54	6347.02
55	6347.02
56	6347.02
57	6344.99
58	6344.99
59	6338.33
60	6338.21
61	6338.21
62	6312.68
63	6312.68
64	6312.68
65	6312.68
66	6312.68
67	6312.68
68	6312.68
69	6312.68
70	6312.68
71	6312.68
72	6312.68
73	6312.68
74	6304.43
75	6304.43
76	6304.43
77	6297.62
78	6297.62
79	6297.62
80	6297.62
81	6285.39
82	6285.39
83	6285.39
84	6285.39
85	6285.39
86	6285.39
87	6285.39
88	6285.39
89	6285.39
90	6285.39
91	6285.39
92	6282.4
93	6282.4
94	6282.4
95	6282.4
96	6282.4
97	6282.4
98	6280.7
99	6280.7
100	6277.34
6277.34


1	6567.16
2	6482.45
3	6482.45
4	6482.45
5	6482.45
6	6482.45
7	6482.45
8	6482.45
9	6482.45
10	6482.45
11	6482.45
12	6482.45
13	6444.47
14	6425.05
15	6425.05
16	6425.05
17	6425.05
18	6425.05
19	6425.05
20	6425.05
21	6425.05
22	6425.05
23	6425.05
24	6425.05
25	6417
26	6396.87
27	6396.87
28	6396.87
29	6396.87
30	6396.87
31	6374.14
32	6374.14
33	6374.14
34	6374.14
35	6374.14
36	6374.14
37	6374.14
38	6374.14
39	6374.14
40	6372.1
41	6363.05
42	6359.68
43	6344.89
44	6344.89
45	6335.21
46	6335.21
47	6334.53
48	6334.53
49	6334.53
50	6325.1
51	6325.1
52	6325.08
53	6325.08
54	6325.08
55	6325.08
56	6311.86
57	6311.86
58	6308.67
59	6308.67
60	6308.67
61	6301.03
62	6301.03
63	6301.03
64	6301.03
65	6301.03
66	6301.03
67	6301.03
68	6280.17
69	6280.17
70	6280.17
71	6280.17
72	6280.17
73	6280.17
74	6280.17
75	6277.28
76	6277.28
77	6277.28
78	6276.41
79	6276.41
80	6273.36
81	6273.36
82	6273.36
83	6273.36
84	6270.9
85	6270.9
86	6270.9
87	6270.9
88	6266.48
89	6266.48
90	6266.48
91	6265.52
92	6265.52
93	6265.52
94	6265.52
95	6265.52
96	6265.52
97	6261.44
98	6261.44
99	6261.44
100	6261.44
6261.44


1	6546.34
2	6546.34
3	6538.65
4	6538.65
5	6538.65
6	6538.65
7	6538.65
8	6538.65
9	6538.65
10	6538.65
11	6538.65
12	6538.65
13	6538.65
14	6538.65
15	6523.12
16	6514.77
17	6501.72
18	6501.72
19	6501.72
20	6496.65
21	6491.57
22	6491.57
23	6461.88
24	6460.41
25	6460.41
26	6450.01
27	6450.01
28	6450.01
29	6419.65
30	6419.65
31	6419.65
32	6419.65
33	6419.65
34	6419.65
35	6419.65
36	6394.32
37	6394.32
38	6393.82
39	6393.82
40	6393.82
41	6393.82
42	6393.82
43	6387.84
44	6387.84
45	6374.07
46	6374.07
47	6371.47
48	6371.47
49	6369.31
50	6361.66
51	6361.66
52	6342.26
53	6342.26
54	6342.26
55	6342.26
56	6342.26
57	6342.26
58	6342.26
59	6338.62
60	6338.62
61	6337
62	6328.72
63	6328.72
64	6328.72
65	6322.49
66	6322.49
67	6322.49
68	6322.49
69	6322.49
70	6322.49
71	6322.49
72	6322.49
73	6315.25
74	6315.25
75	6315.25
76	6309.58
77	6309.58
78	6302.83
79	6302.83
80	6302.83
81	6302.83
82	6302.83
83	6295.46
84	6295.46
85	6295.46
86	6295.46
87	6295.46
88	6295.46
89	6292.59
90	6292.59
91	6292.59
92	6292.59
93	6292.59
94	6286.17
95	6282.22
96	6282.22
97	6274.13
98	6274.13
99	6274.13
100	6274.13
6274.13


1	6561.88
2	6561.88
3	6561.88
4	6535.91
5	6535.91
6	6535.91
7	6535.91
8	6535.91
9	6535.91
10	6535.91
11	6535.91
12	6535.91
13	6535.91
14	6535.91
15	6532.35
16	6532.35
17	6532.35
18	6528.43
19	6519.74
20	6519.74
21	6519.74
22	6519.74
23	6484.59
24	6484.59
25	6481.45
26	6481.45
27	6481.45
28	6481.45
29	6481.45
30	6481.45
31	6464.84
32	6464.84
33	6464.84
34	6455.51
35	6455.51
36	6455.51
37	6455.51
38	6454.85
39	6442.32
40	6442.32
41	6442.32
42	6442.32
43	6442.32
44	6435.45
45	6426.79
46	6413.48
47	6413.48
48	6413.48
49	6413.48
50	6403.19
51	6385.52
52	6385.52
53	6385.52
54	6378.8
55	6378.8
56	6378.8
57	6374.64
58	6374.64
59	6359.09
60	6359.09
61	6353.66
62	6346.48
63	6345.78
64	6345.78
65	6345.78
66	6325.13
67	6325.13
68	6325.13
69	6325.13
70	6325.13
71	6317.68
72	6317.68
73	6317.68
74	6317.68
75	6317.68
76	6317.1
77	6317.1
78	6317.1
79	6307.42
80	6307.13
81	6307.13
82	6307.13
83	6288.82
84	6288.82
85	6288.82
86	6288.82
87	6288.82
88	6288.82
89	6288.82
90	6288.82
91	6288.82
92	6288.82
93	6288.82
94	6286.22
95	6286.22
96	6277.79
97	6277.79
98	6277.79
99	6277.79
100	6277.79
6277.79


1	6504.11
2	6504.11
3	6504.11
4	6504.11
5	6504.11
6	6504.11
7	6504.11
8	6504.11
9	6504.11
10	6504.11
11	6504.11
12	6504.11
13	6496.8
14	6496.8
15	6496.8
16	6496.8
17	6496.8
18	6496.8
19	6496.8
20	6496.8
21	6496.8
22	6496.8
23	6475.39
24	6471.76
25	6471.76
26	6471.76
27	6471.76
28	6471.76
29	6471.76
30	6471.76
31	6471.76
32	6465.76
33	6444.24
34	6444.24
35	6444.24
36	6444.24
37	6444.24
38	6444.24
39	6440.21
40	6433.85
41	6433.85
42	6433.85
43	6410.55
44	6410.55
45	6392.76
46	6389.02
47	6382.89
48	6371.29
49	6371.29
50	6371.29
51	6371.29
52	6371.29
53	6348.76
54	6348.76
55	6348.76
56	6348.76
57	6348.76
58	6348.76
59	6347.18
60	6333.08
61	6333.08
62	6333.08
63	6333.08
64	6333.08
65	6310.01
66	6310.01
67	6310.01
68	6310.01
69	6310.01
70	6310.01
71	6310.01
72	6310.01
73	6303.16
74	6303.16
75	6303.16
76	6303.16
77	6302.19
78	6302.19
79	6302.19
80	6302.19
81	6297.93
82	6297.93
83	6291.44
84	6291.44
85	6291
86	6291
87	6290.37
88	6290.37
89	6286.15
90	6286.15
91	6286.15
92	6281.3
93	6281.3
94	6281.3
95	6280.42
96	6280.42
97	6279.33
98	6279.33
99	6279.33
100	6279.33
6279.33


1	6553.44
2	6553.44
3	6537.52
4	6537.52
5	6517.05
6	6517.05
7	6505.57
8	6505.57
9	6505.57
10	6505.57
11	6505.57
12	6505.57
13	6505.57
14	6505.57
15	6462.06
16	6462.06
17	6452.61
18	6452.61
19	6452.61
20	6452.61
21	6395.99
22	6395.99
23	6395.99
24	6395.99
25	6395.99
26	6395.99
27	6395.99
28	6395.99
29	6395.99
30	6387.45
31	6365.79
32	6365.79
33	6365.79
34	6365.79
35	6365.79
36	6365.79
37	6365.79
38	6365.79
39	6356.14
40	6340.22
41	6340.22
42	6340.22
43	6340.22
44	6340.22
45	6340.22
46	6340.22
47	6333.47
48	6333.47
49	6333.47
50	6333.47
51	6333.47
52	6333.47
53	6324.1
54	6324.1
55	6324.1
56	6324.1
57	6324.1
58	6317.51
59	6315.75
60	6315.75
61	6315.75
62	6301.26
63	6301.26
64	6301.26
65	6301.26
66	6301.26
67	6301.26
68	6301.26
69	6292.31
70	6292.31
71	6283.25
72	6283.25
73	6283.25
74	6283.25
75	6283.25
76	6282.88
77	6282.88
78	6282.88
79	6282.88
80	6282.88
81	6282.88
82	6282.88
83	6282.88
84	6282.88
85	6282.88
86	6272.13
87	6272.13
88	6272.13
89	6272.13
90	6272.13
91	6272.13
92	6272.13
93	6272.13
94	6272.13
95	6272.13
96	6267.04
97	6267.04
98	6267.04
99	6267.04
100	6267.04
6267.04


1	6566.15
2	6566.15
3	6566.15
4	6566.15
5	6566.15
6	6566.15
7	6541.95
8	6541.95
9	6541.95
10	6541.95
11	6541.95
12	6541.95
13	6541.95
14	6511.07
15	6511.07
16	6511.07
17	6511.07
18	6511.07
19	6488.18
20	6488.18
21	6488.18
22	6488.18
23	6488.18
24	6488.18
25	6437.99
26	6437.99
27	6437.99
28	6437.99
29	6437.99
30	6437.99
31	6437.99
32	6437.99
33	6437.99
34	6419.75
35	6419.75
36	6419.75
37	6419.75
38	6419.75
39	6419.75
40	6419.75
41	6419.75
42	6419.75
43	6419.75
44	6404.38
45	6397.63
46	6397.63
47	6397.63
48	6397.63
49	6397.63
50	6397.63
51	6397.63
52	6397.63
53	6397.63
54	6397.63
55	6395.9
56	6388.68
57	6382.38
58	6382.38
59	6382.38
60	6377.56
61	6367.54
62	6367.54
63	6359.3
64	6359.3
65	6359.3
66	6354.51
67	6354.51
68	6354.51
69	6344.76
70	6324.23
71	6324.23
72	6324.23
73	6324.23
74	6320.54
75	6318.71
76	6318.71
77	6318.71
78	6318.71
79	6318.71
80	6318.71
81	6318.71
82	6318.71
83	6314.09
84	6314.09
85	6309.22
86	6309.22
87	6309.22
88	6305.7
89	6305.7
90	6305.7
91	6305.7
92	6305.7
93	6305.7
94	6305.7
95	6295.8
96	6295.8
97	6295.8
98	6295.8
99	6295.8
100	6295.8
6295.8


1	6575.77
2	6558.08
3	6533.65
4	6533.65
5	6533.65
6	6533.65
7	6519.63
8	6519.63
9	6519.63
10	6509.38
11	6509.38
12	6509.38
13	6509.38
14	6509.38
15	6509.38
16	6509.38
17	6509.38
18	6487.9
19	6487.9
20	6487.9
21	6487.9
22	6487.9
23	6487.9
24	6487.9
25	6487.9
26	6487.9
27	6460.19
28	6460.19
29	6458.52
30	6458.52
31	6449.18
32	6449.18
33	6436.1
34	6436.1
35	6436.1
36	6436.1
37	6436.1
38	6436.1
39	6436.1
40	6408.53
41	6408.53
42	6408.53
43	6408.53
44	6408.53
45	6406.46
46	6392.81
47	6392.81
48	6392.81
49	6389.56
50	6389.56
51	6389.56
52	6389.56
53	6373.96
54	6368.23
55	6368.23
56	6352.33
57	6352.33
58	6352.33
59	6352.33
60	6352.33
61	6344
62	6344
63	6344
64	6338.08
65	6338.08
66	6338.08
67	6329.91
68	6329.91
69	6329.91
70	6329.91
71	6329.91
72	6314.18
73	6314.18
74	6314.18
75	6314.18
76	6314.18
77	6314.18
78	6314.18
79	6310.66
80	6310.66
81	6310.66
82	6294.96
83	6294.96
84	6294.9
85	6289.36
86	6289.36
87	6289.36
88	6286.47
89	6286.47
90	6286.47
91	6286.47
92	6285.27
93	6285.27
94	6285.27
95	6285.27
96	6285.27
97	6282.29
98	6282.29
99	6278.12
100	6275.83
6275.83


1	6533.09
2	6533.09
3	6533.09
4	6533.09
5	6533.09
6	6533.09
7	6529.38
8	6529.38
9	6497.89
10	6480.63
11	6480.63
12	6480.63
13	6455.63
14	6455.63
15	6455.63
16	6455.63
17	6455.63
18	6455.63
19	6455.63
20	6455.63
21	6455.63
22	6453.34
23	6448.95
24	6448.95
25	6437.97
26	6437.97
27	6437.97
28	6437.97
29	6399.99
30	6399.99
31	6399.99
32	6399.99
33	6399.99
34	6399.99
35	6399.99
36	6399.99
37	6399.11
38	6399.11
39	6399.11
40	6379.68
41	6379.68
42	6379.68
43	6379.68
44	6348.97
45	6348.97
46	6348.97
47	6348.97
48	6348.97
49	6348.97
50	6348.97
51	6348.97
52	6348.97
53	6348.97
54	6348.97
55	6339.51
56	6339.51
57	6339.51
58	6339.51
59	6339.51
60	6339.51
61	6339.51
62	6339.51
63	6317.12
64	6317.12
65	6317.12
66	6317.12
67	6317.12
68	6317.12
69	6317.12
70	6317.12
71	6311.4
72	6311.4
73	6311.4
74	6311.4
75	6311.21
76	6296.22
77	6296.22
78	6296.22
79	6296.22
80	6296.22
81	6294.3
82	6294.3
83	6294.3
84	6294.3
85	6291.29
86	6287.73
87	6285.69
88	6285.69
89	6284.78
90	6284.78
91	6284.78
92	6284.78
93	6284.78
94	6284.78
95	6284.78
96	6284.78
97	6284.78
98	6281.62
99	6281.62
100	6280.95
6280.95


6279.11
6275.46
6279.42
6297.31
6265.11
6277.01
6264.11
6280.01
6269.8
6279.37
6289.39
6274.01
6262.76
6277.57
6276.76
6277.88
6286.59
6283.26
6270.65
6304.28
6283.28
6277.34
6261.44
6274.13
6277.79
6279.33
6267.04
6295.8
6275.83
6280.95
