0.95
1	6523.19
2	6496.45
3	6496.45
4	6474.75
5	6474.75
6	6474.75
7	6474.75
8	6474.75
9	6474.75
10	6474.75
11	6474.75
12	6474.75
13	6474.75
14	6474.75
15	6471.62
16	6451.69
17	6445.54
18	6445.54
19	6445.54
20	6445.54
21	6445.54
22	6442.21
23	6442.21
24	6419.62
25	6419.62
26	6411.7
27	6411.7
28	6411.7
29	6395.49
30	6395.49
31	6395.49
32	6389.77
33	6389.77
34	6389.77
35	6389.77
36	6378.79
37	6378.79
38	6378.79
39	6378.79
40	6378.79
41	6338.89
42	6338.89
43	6338.89
44	6338.89
45	6338.89
46	6311.7
47	6311.7
48	6311.7
49	6311.7
50	6311.7
51	6311.7
52	6311.7
53	6311.07
54	6311.07
55	6299.82
56	6299.82
57	6299.82
58	6294.25
59	6294.25
60	6284.16
61	6283.78
62	6280.41
63	6280.41
64	6275.82
65	6275.82
66	6275.38
67	6275.38
68	6275.21
69	6273.82
70	6264.66
71	6264.66
72	6262.03
73	6262.03
74	6262.03
75	6253.84
76	6253.84
77	6253.84
78	6253.84
79	6253.84
80	6253.84
81	6253.84
82	6251.22
83	6251.22
84	6251.22
85	6251.22
86	6251.22
87	6251.22
88	6251.22
89	6245.76
90	6245.76
91	6245.76
92	6245.76
93	6245.76
94	6241.41
95	6241.41
96	6241.41
97	6241.41
98	6241.41
99	6241.41
100	6241.37
6241.37


1	6526.04
2	6526.04
3	6526.04
4	6526.04
5	6526.04
6	6523.96
7	6523.96
8	6523.96
9	6523.96
10	6523.96
11	6515.07
12	6515.07
13	6515.07
14	6515.07
15	6515.07
16	6481.61
17	6481.61
18	6442.53
19	6442.53
20	6442.53
21	6442.53
22	6442.53
23	6442.53
24	6442.53
25	6438.73
26	6438.73
27	6438.73
28	6438.67
29	6438.67
30	6420.29
31	6420.29
32	6412.7
33	6397.21
34	6397.21
35	6392.81
36	6392.81
37	6378.62
38	6369.12
39	6369.12
40	6369.12
41	6369.12
42	6360.27
43	6355.19
44	6334.72
45	6334.72
46	6334.72
47	6334.72
48	6321.04
49	6321.04
50	6317.94
51	6314.66
52	6314.66
53	6314.66
54	6314.66
55	6294.92
56	6294.92
57	6294.92
58	6277.83
59	6277.83
60	6277.83
61	6277.83
62	6277.83
63	6277.83
64	6277.83
65	6277.83
66	6277.83
67	6277.83
68	6272.6
69	6272.6
70	6271.46
71	6271.46
72	6265.28
73	6265.28
74	6264.74
75	6253.78
76	6253.78
77	6253.78
78	6253.78
79	6253.78
80	6253.78
81	6253.78
82	6253.78
83	6253.78
84	6252.25
85	6252.25
86	6252.25
87	6252.25
88	6246.65
89	6246.65
90	6246.65
91	6246.63
92	6242.84
93	6239.07
94	6239.07
95	6239.07
96	6239.07
97	6239.07
98	6239.07
99	6238.71
100	6238.71
6238.71


1	6571.87
2	6571.87
3	6571.87
4	6571.87
5	6571.87
6	6571.87
7	6525.08
8	6525.08
9	6525.08
10	6525.08
11	6525.08
12	6525.08
13	6525.08
14	6525.08
15	6525.08
16	6525.08
17	6525.08
18	6520.53
19	6520.53
20	6487.67
21	6487.67
22	6487.67
23	6487.67
24	6487.67
25	6487.67
26	6475.74
27	6458.57
28	6438.4
29	6438.4
30	6438.4
31	6438.4
32	6438.4
33	6409.84
34	6409.84
35	6409.84
36	6409.84
37	6409.84
38	6396.48
39	6396.48
40	6396.48
41	6383.43
42	6383.43
43	6383.43
44	6383.43
45	6372.29
46	6344.9
47	6344.9
48	6344.9
49	6344.9
50	6344.9
51	6342.56
52	6338.16
53	6338.16
54	6330.5
55	6330.5
56	6330.5
57	6328.96
58	6328.96
59	6308.72
60	6299.73
61	6299.73
62	6299.73
63	6299.73
64	6299.73
65	6299.73
66	6299.34
67	6296.96
68	6290.29
69	6283.72
70	6280.2
71	6280.2
72	6280.2
73	6280.2
74	6275.56
75	6269.59
76	6269.59
77	6269.59
78	6269.59
79	6269.59
80	6269.59
81	6266.49
82	6266.49
83	6265.82
84	6265.82
85	6258.7
86	6258.25
87	6258.25
88	6258.25
89	6254.88
90	6254.88
91	6254.88
92	6254.88
93	6251.54
94	6247.94
95	6247.94
96	6247.94
97	6247.94
98	6244.52
99	6244.52
100	6244.52
6244.52


1	6515.43
2	6515.43
3	6515.43
4	6512.85
5	6512.85
6	6512.85
7	6512.85
8	6512.85
9	6512.85
10	6512.85
11	6512.85
12	6512.85
13	6512.85
14	6512.85
15	6512.85
16	6510.07
17	6510.07
18	6493.3
19	6454.97
20	6454.97
21	6454.97
22	6454.97
23	6454.97
24	6454.97
25	6443.94
26	6443.94
27	6430.6
28	6430.6
29	6430.6
30	6425.6
31	6400
32	6351.62
33	6351.62
34	6351.62
35	6351.62
36	6351.62
37	6351.62
38	6351.62
39	6351.62
40	6350.28
41	6350.28
42	6350.28
43	6350.28
44	6329.53
45	6329.53
46	6329.53
47	6329.53
48	6326.38
49	6322.3
50	6310.24
51	6310.24
52	6305.32
53	6300.85
54	6300.85
55	6291.47
56	6291.47
57	6278.67
58	6278.67
59	6278.67
60	6278.51
61	6278.51
62	6278.51
63	6278.51
64	6272.26
65	6272.26
66	6266.67
67	6266.67
68	6266.67
69	6266.67
70	6266.67
71	6262.58
72	6262.58
73	6262.58
74	6262.58
75	6261.01
76	6261.01
77	6255.61
78	6252.61
79	6252.61
80	6252.61
81	6248.81
82	6248.81
83	6248.81
84	6248.81
85	6248.81
86	6248.81
87	6248.81
88	6248.81
89	6248.81
90	6246.53
91	6239.9
92	6239.9
93	6239.9
94	6239.9
95	6239.9
96	6239.52
97	6239.52
98	6239.52
99	6238.28
100	6238.28
6238.28


1	6521.57
2	6303.16
3	6303.16
4	6303.16
5	6303.16
6	6303.16
7	6303.16
8	6303.16
9	6303.16
10	6303.16
11	6303.16
12	6303.16
13	6303.16
14	6303.16
15	6303.16
16	6303.16
17	6303.16
18	6303.16
19	6303.16
20	6303.16
21	6303.16
22	6303.16
23	6303.16
24	6303.16
25	6303.16
26	6303.16
27	6303.16
28	6303.16
29	6303.16
30	6303.16
31	6303.16
32	6303.16
33	6303.16
34	6295.87
35	6295.87
36	6295.87
37	6295.87
38	6275.12
39	6275.12
40	6275.12
41	6275.12
42	6275.12
43	6275.12
44	6275.12
45	6275.12
46	6275.12
47	6275.12
48	6275.12
49	6266.17
50	6264.17
51	6264.17
52	6262.14
53	6262.14
54	6253.24
55	6253.24
56	6252.88
57	6252.88
58	6252.88
59	6252.88
60	6249.65
61	6249.65
62	6249.65
63	6248.5
64	6243.68
65	6243.68
66	6243.68
67	6240.8
68	6240.8
69	6240.8
70	6240.8
71	6240.8
72	6240.8
73	6236.39
74	6236.39
75	6236.39
76	6236.39
77	6236.39
78	6232.94
79	6232.63
80	6232.63
81	6230.12
82	6228.4
83	6228.4
84	6228.4
85	6228.4
86	6228.4
87	6228.4
88	6228.4
89	6228.4
90	6228.4
91	6228.4
92	6224.81
93	6224.81
94	6224.81
95	6224.81
96	6224.81
97	6224.81
98	6224.81
99	6224.81
100	6224.81
6224.81


1	6537.5
2	6537.5
3	6501.35
4	6501.35
5	6501.35
6	6501.35
7	6501.35
8	6501.35
9	6501.35
10	6501.35
11	6501.35
12	6501.35
13	6476.35
14	6476.35
15	6476.35
16	6476.35
17	6476.35
18	6476.35
19	6476.35
20	6461.34
21	6461.34
22	6459.48
23	6459.48
24	6459.48
25	6459.48
26	6459.48
27	6459.48
28	6437.81
29	6437.81
30	6437.81
31	6433.79
32	6433.79
33	6433.79
34	6431.91
35	6395.34
36	6395.34
37	6395.34
38	6395.34
39	6395.34
40	6395.34
41	6376.1
42	6375.95
43	6375.95
44	6374.65
45	6368.4
46	6340.61
47	6340.61
48	6340.61
49	6327.52
50	6327.52
51	6316.59
52	6316.59
53	6316.59
54	6316.59
55	6311.95
56	6311.95
57	6311.95
58	6311.95
59	6302.9
60	6302.9
61	6302.9
62	6302.9
63	6286.75
64	6286.75
65	6286.75
66	6286.75
67	6286.75
68	6286.75
69	6286.75
70	6275.43
71	6275.43
72	6273.63
73	6273.63
74	6271.08
75	6271.08
76	6271.08
77	6266.9
78	6266.9
79	6266.9
80	6258.3
81	6258.3
82	6258.3
83	6258.3
84	6258.3
85	6258.3
86	6258.3
87	6251.19
88	6251.19
89	6251.19
90	6243.23
91	6243.23
92	6243.23
93	6243.23
94	6243.23
95	6243.23
96	6243.23
97	6243.23
98	6243.23
99	6242.31
100	6242.31
6242.31


1	6506.07
2	6506.07
3	6506.07
4	6506.07
5	6506.07
6	6494.9
7	6494.9
8	6494.9
9	6494.9
10	6494.9
11	6494.9
12	6494.9
13	6454.55
14	6454.55
15	6454.55
16	6443.48
17	6425.32
18	6425.32
19	6425.32
20	6407.59
21	6407.59
22	6407.59
23	6407.59
24	6401.05
25	6401.05
26	6401.05
27	6389.76
28	6389.76
29	6358.16
30	6358.16
31	6358.16
32	6358.16
33	6358.16
34	6358.16
35	6358.16
36	6358.16
37	6346.43
38	6346.43
39	6346.43
40	6340.05
41	6340.05
42	6336.52
43	6329.37
44	6318.84
45	6318.84
46	6305.51
47	6303.84
48	6303.84
49	6292.47
50	6292.47
51	6292.47
52	6292.47
53	6292.47
54	6287.49
55	6286.79
56	6286.79
57	6286.79
58	6285.07
59	6285.07
60	6283.71
61	6274.98
62	6274.98
63	6262.93
64	6262.93
65	6262.93
66	6262.93
67	6258.22
68	6258.22
69	6249.04
70	6249.04
71	6249.04
72	6249.04
73	6249.04
74	6249.04
75	6249.04
76	6249.04
77	6249.04
78	6249.04
79	6249.04
80	6248.64
81	6240.18
82	6240.18
83	6240.18
84	6240.18
85	6238.28
86	6238.28
87	6238.28
88	6238.28
89	6238.28
90	6238.28
91	6238.28
92	6238.28
93	6234.57
94	6234.57
95	6234.57
96	6234.57
97	6234.57
98	6234.57
99	6234.57
100	6231.62
6231.62


1	6587.98
2	6587.98
3	6587.98
4	6587.98
5	6587.98
6	6587.98
7	6587.98
8	6524.91
9	6524.91
10	6524.91
11	6524.91
12	6524.91
13	6524.91
14	6524.91
15	6524.91
16	6524.91
17	6524.91
18	6514.11
19	6514.11
20	6495.87
21	6495.87
22	6495.87
23	6495.87
24	6495.87
25	6495.87
26	6479.94
27	6469.74
28	6459.4
29	6455.78
30	6455.78
31	6411.6
32	6411.6
33	6411.6
34	6411.6
35	6411.6
36	6405.97
37	6405.97
38	6405.97
39	6405.97
40	6405.97
41	6405.97
42	6385.49
43	6385.49
44	6380.07
45	6379.15
46	6375
47	6375
48	6354.28
49	6354.28
50	6348.69
51	6348.69
52	6348.69
53	6344.51
54	6342.33
55	6342.33
56	6332.85
57	6330.02
58	6313.49
59	6308.29
60	6308.29
61	6307.62
62	6307.62
63	6307.62
64	6307.62
65	6307.62
66	6291.82
67	6291.82
68	6286.04
69	6286.04
70	6281.41
71	6281.41
72	6262.6
73	6262.6
74	6262.6
75	6262.6
76	6256.07
77	6256.07
78	6256.07
79	6249.9
80	6249.9
81	6249.9
82	6249.9
83	6249.9
84	6249.9
85	6249.9
86	6246.6
87	6246.6
88	6246.6
89	6246.6
90	6246.6
91	6246.6
92	6245.06
93	6244.34
94	6244.34
95	6244.34
96	6242.64
97	6242.64
98	6242.64
99	6242.64
100	6235.92
6235.92


1	6531.17
2	6531.17
3	6531.17
4	6531.17
5	6531.17
6	6531.17
7	6499.81
8	6499.81
9	6485.05
10	6485.05
11	6485.05
12	6485.05
13	6485.05
14	6485.05
15	6485.05
16	6462.48
17	6462.48
18	6462.48
19	6457.47
20	6457.47
21	6457.47
22	6455.64
23	6443.73
24	6443.73
25	6425.93
26	6414.74
27	6393.64
28	6393.64
29	6393.64
30	6393.64
31	6393.64
32	6393.64
33	6393.64
34	6373.4
35	6369.14
36	6369.14
37	6369.14
38	6361.22
39	6353.11
40	6353.11
41	6353.11
42	6342.03
43	6342.03
44	6316.73
45	6316.73
46	6316.73
47	6316.73
48	6316.73
49	6316.73
50	6316.73
51	6311.72
52	6297.98
53	6292.68
54	6292.68
55	6287.28
56	6285.98
57	6278.24
58	6278.24
59	6278.24
60	6278.24
61	6278.24
62	6267.42
63	6267.42
64	6267.42
65	6267.42
66	6267.42
67	6267.42
68	6258.69
69	6258.69
70	6258.69
71	6257.08
72	6257.08
73	6257.08
74	6253.63
75	6253.63
76	6253.63
77	6253.63
78	6253.63
79	6252.84
80	6251.65
81	6251.65
82	6251.65
83	6245.61
84	6245.61
85	6245.61
86	6245.61
87	6245.61
88	6245.02
89	6242.1
90	6242.1
91	6242.1
92	6242.1
93	6242.1
94	6242.1
95	6241.89
96	6241.89
97	6241.89
98	6241.89
99	6241.85
100	6241.85
6241.85


1	6537.42
2	6528.07
3	6528.07
4	6528.07
5	6528.07
6	6528.07
7	6528.07
8	6528.07
9	6493.2
10	6493.2
11	6493.2
12	6493.2
13	6493.2
14	6493.2
15	6493.2
16	6493.2
17	6475.67
18	6475.67
19	6475.67
20	6475.67
21	6460.19
22	6460.19
23	6460.02
24	6453.68
25	6453.68
26	6442.52
27	6442.52
28	6442.52
29	6404.31
30	6404.31
31	6404.31
32	6404.31
33	6358.06
34	6358.06
35	6358.06
36	6358.06
37	6358.06
38	6358.06
39	6358.06
40	6358.06
41	6358.06
42	6338.65
43	6336.04
44	6336.04
45	6336.04
46	6336.04
47	6336.04
48	6320.2
49	6320.2
50	6320.2
51	6320.2
52	6320.14
53	6320.14
54	6316.17
55	6306.6
56	6298.25
57	6298.25
58	6298.25
59	6295.65
60	6295.65
61	6295.07
62	6291.23
63	6288.68
64	6288.68
65	6279.78
66	6279.78
67	6279.36
68	6269.2
69	6269.2
70	6267.28
71	6262.1
72	6262.1
73	6262.1
74	6259.73
75	6253.72
76	6250.93
77	6250.93
78	6250.93
79	6250.93
80	6250.93
81	6245.59
82	6245.59
83	6245.59
84	6245.59
85	6245.59
86	6241.05
87	6241.05
88	6241.05
89	6239.71
90	6239.71
91	6239.71
92	6238.52
93	6238.52
94	6238.52
95	6238.52
96	6236.87
97	6236.87
98	6236.72
99	6236.72
100	6230.61
6230.61


1	6561.94
2	6561.94
3	6561.94
4	6561.94
5	6561.94
6	6561.94
7	6505.19
8	6505.19
9	6505.19
10	6505.19
11	6505.19
12	6505.19
13	6503.38
14	6503.38
15	6503.38
16	6503.38
17	6503.38
18	6479.4
19	6437.05
20	6437.05
21	6437.05
22	6437.05
23	6437.05
24	6437.05
25	6415.78
26	6415.78
27	6415.78
28	6415.78
29	6415.78
30	6415.78
31	6415.78
32	6407.11
33	6407.11
34	6406.03
35	6402.69
36	6401.97
37	6374.05
38	6374.05
39	6369.73
40	6369.73
41	6368.86
42	6352.67
43	6352.67
44	6352.67
45	6347.88
46	6346.44
47	6346.44
48	6343.55
49	6311.83
50	6311.83
51	6311.83
52	6311.83
53	6311.83
54	6310.14
55	6310.14
56	6310.14
57	6304.22
58	6300.52
59	6300.52
60	6296.26
61	6295.61
62	6288.06
63	6285.87
64	6281.23
65	6271.1
66	6271.1
67	6271.1
68	6271.1
69	6271.1
70	6267.91
71	6264.1
72	6264.1
73	6264.1
74	6264.1
75	6264.1
76	6256.81
77	6256.81
78	6256.81
79	6256.81
80	6256.81
81	6251.14
82	6251.14
83	6243.46
84	6243.46
85	6243.46
86	6243.46
87	6243.46
88	6243.46
89	6243.46
90	6243.46
91	6243.46
92	6243.46
93	6243.46
94	6243.46
95	6242.49
96	6242.49
97	6242.49
98	6235.4
99	6231.84
100	6231.84
6231.84


1	6488.76
2	6488.76
3	6488.76
4	6488.76
5	6488.76
6	6488.76
7	6488.76
8	6488.76
9	6488.76
10	6488.76
11	6488.76
12	6488.76
13	6488.76
14	6488.76
15	6483.44
16	6469.45
17	6469.45
18	6469.45
19	6435.17
20	6434.68
21	6434.68
22	6434.68
23	6434.68
24	6434.68
25	6386.86
26	6386.86
27	6386.86
28	6386.86
29	6386.86
30	6386.86
31	6372.83
32	6372.83
33	6358.86
34	6358.86
35	6341.52
36	6341.52
37	6341.52
38	6341.52
39	6341.52
40	6341.52
41	6341.52
42	6341.52
43	6341.52
44	6330.55
45	6328.14
46	6323.56
47	6323.37
48	6322.46
49	6315.68
50	6315.68
51	6315.68
52	6312.7
53	6312.7
54	6312.7
55	6312.7
56	6309.75
57	6301.7
58	6301.7
59	6301.7
60	6301.7
61	6286.4
62	6286.4
63	6284.82
64	6283.59
65	6283.59
66	6283.59
67	6283.13
68	6283.13
69	6283.13
70	6271.07
71	6271.07
72	6269.73
73	6267.36
74	6267.36
75	6265.45
76	6263.95
77	6263.95
78	6262.97
79	6262.97
80	6258.45
81	6258.45
82	6258.45
83	6254.48
84	6253.89
85	6245.04
86	6245.04
87	6245.04
88	6245.04
89	6245.04
90	6245.04
91	6245.04
92	6245.04
93	6245.04
94	6239.96
95	6239.96
96	6239.96
97	6238.26
98	6238.26
99	6238.26
100	6238.26
6238.26


1	6543.11
2	6543.11
3	6543.11
4	6543.11
5	6531.55
6	6531.55
7	6521.47
8	6521.47
9	6521.47
10	6521.47
11	6521.47
12	6521.47
13	6521.47
14	6521.47
15	6514.38
16	6514.38
17	6452.53
18	6452.53
19	6452.53
20	6452.53
21	6415.99
22	6415.99
23	6415.99
24	6415.99
25	6415.99
26	6415.99
27	6414.45
28	6409.24
29	6409.24
30	6409.24
31	6409.24
32	6409.24
33	6401.58
34	6379.78
35	6379.78
36	6379.78
37	6368.45
38	6359.22
39	6359.22
40	6359.22
41	6354.02
42	6354.02
43	6315.44
44	6315.44
45	6315.44
46	6315.44
47	6312.17
48	6312.17
49	6312.17
50	6300.79
51	6300.79
52	6300.79
53	6300.79
54	6300.79
55	6296.02
56	6286.11
57	6286.11
58	6286.11
59	6286.11
60	6277.11
61	6274.58
62	6274.58
63	6274.58
64	6274.58
65	6274.58
66	6274.58
67	6268.37
68	6268.37
69	6266.02
70	6264.81
71	6264.81
72	6264.81
73	6261.76
74	6261.76
75	6254.89
76	6254.89
77	6254.89
78	6254.89
79	6254.89
80	6253.73
81	6251.27
82	6251.27
83	6245.8
84	6245.8
85	6245.8
86	6245.8
87	6241.98
88	6241.98
89	6241.98
90	6235.43
91	6235.43
92	6235.43
93	6235.43
94	6235.43
95	6235.43
96	6235.43
97	6235.43
98	6235.33
99	6235.33
100	6232.48
6232.48


1	6533.33
2	6533.33
3	6533.33
4	6533.33
5	6533.33
6	6533.33
7	6492.38
8	6492.38
9	6492.38
10	6492.38
11	6492.38
12	6492.38
13	6492.38
14	6492.38
15	6477.85
16	6453.42
17	6453.42
18	6453.42
19	6453.42
20	6452.52
21	6452.52
22	6452.52
23	6452.52
24	6452.52
25	6452.52
26	6452.52
27	6451.25
28	6451.25
29	6408.05
30	6378.17
31	6378.17
32	6378.17
33	6378.17
34	6378.17
35	6378.17
36	6376.34
37	6376.34
38	6371.66
39	6371.66
40	6366.07
41	6366.07
42	6366.07
43	6366.07
44	6354.48
45	6354.48
46	6352.23
47	6320.95
48	6320.95
49	6263.69
50	6263.69
51	6263.69
52	6263.69
53	6263.69
54	6263.69
55	6263.69
56	6263.69
57	6263.69
58	6263.69
59	6263.69
60	6263.69
61	6263.69
62	6263.69
63	6263.69
64	6263.69
65	6263.69
66	6259.21
67	6259.21
68	6259.21
69	6259.21
70	6259.21
71	6259.21
72	6259.21
73	6259.21
74	6259.21
75	6256.41
76	6254.09
77	6254.09
78	6254.09
79	6246.75
80	6246.75
81	6245.92
82	6243.36
83	6243.36
84	6243.36
85	6242.38
86	6242.38
87	6242.38
88	6239.07
89	6239.07
90	6236.22
91	6234.7
92	6234.7
93	6234.7
94	6234.7
95	6234.7
96	6232.79
97	6232.79
98	6232.79
99	6232.54
100	6232.54
6232.54


1	6557.05
2	6557.05
3	6557.05
4	6554.78
5	6554.78
6	6554.78
7	6554.78
8	6547.25
9	6547.25
10	6547.25
11	6547.25
12	6534.43
13	6534.43
14	6534.43
15	6520.08
16	6520.08
17	6478.67
18	6478.67
19	6421.7
20	6421.7
21	6421.7
22	6421.7
23	6421.7
24	6421.7
25	6421.7
26	6421.7
27	6421.7
28	6421.7
29	6421.7
30	6421.7
31	6421.7
32	6413.63
33	6398.34
34	6376.97
35	6376.97
36	6376.97
37	6376.97
38	6376.97
39	6376.97
40	6375.54
41	6375.54
42	6353.25
43	6353.25
44	6345.21
45	6345.21
46	6345.21
47	6340.28
48	6319.21
49	6319.21
50	6319.21
51	6306.38
52	6306.38
53	6306.38
54	6306.38
55	6306.38
56	6306.38
57	6297.42
58	6297.42
59	6297.42
60	6297.42
61	6286.06
62	6283.09
63	6283.09
64	6283.09
65	6276.24
66	6276.24
67	6275.79
68	6275.79
69	6275.79
70	6274.24
71	6274.24
72	6274.08
73	6274.08
74	6272.43
75	6272.43
76	6270.75
77	6267.41
78	6267.41
79	6267.41
80	6266.96
81	6262.31
82	6262.31
83	6262.31
84	6257.44
85	6257.44
86	6256.82
87	6256.57
88	6248.88
89	6248.88
90	6248.88
91	6248.88
92	6248.52
93	6240.06
94	6240.06
95	6240.06
96	6240.06
97	6240.06
98	6240.06
99	6240.06
100	6238.11
6238.11


1	6572.11
2	6572.11
3	6572.11
4	6552.79
5	6552.79
6	6552.79
7	6552.79
8	6552.79
9	6512.68
10	6512.68
11	6512.68
12	6512.68
13	6499.23
14	6499.23
15	6499.23
16	6499.23
17	6495.06
18	6458.58
19	6458.58
20	6458.58
21	6458.58
22	6458.58
23	6458.58
24	6458.58
25	6438.24
26	6438.24
27	6438.24
28	6438.24
29	6438.24
30	6438.24
31	6438.24
32	6413.48
33	6413.48
34	6413.48
35	6413.48
36	6397.27
37	6397.27
38	6397.27
39	6386.07
40	6380.78
41	6380.78
42	6380.78
43	6380.78
44	6376.22
45	6362.51
46	6362.51
47	6362.51
48	6362.51
49	6362.51
50	6355.83
51	6353.35
52	6353.35
53	6345.63
54	6343.79
55	6335.06
56	6335.04
57	6319.13
58	6319.13
59	6319.13
60	6319.13
61	6319.13
62	6319.13
63	6319.13
64	6319.13
65	6310.76
66	6304.45
67	6300.64
68	6300.64
69	6292.12
70	6285.96
71	6285.96
72	6283.81
73	6283.81
74	6283.81
75	6283.81
76	6275.42
77	6275.42
78	6275.42
79	6275.42
80	6271.65
81	6271.65
82	6271.65
83	6271.65
84	6271.65
85	6265.7
86	6265.7
87	6265.7
88	6264.35
89	6262.18
90	6261.43
91	6260.83
92	6254.93
93	6254.93
94	6254.93
95	6254.93
96	6254.93
97	6254.93
98	6254.93
99	6253.82
100	6253.82
6253.82


1	6555.6
2	6555.6
3	6520.85
4	6520.85
5	6506.44
6	6506.44
7	6506.44
8	6506.44
9	6506.44
10	6487.87
11	6487.87
12	6487.87
13	6487.87
14	6487.87
15	6487.87
16	6468.17
17	6468.17
18	6468.17
19	6430.93
20	6430.93
21	6430.93
22	6430.93
23	6430.93
24	6430.93
25	6430.93
26	6430.93
27	6430.93
28	6430.93
29	6430.93
30	6429.06
31	6414.72
32	6414.72
33	6414.72
34	6414.72
35	6391.53
36	6391.53
37	6378.74
38	6378.74
39	6371.29
40	6371.29
41	6371.29
42	6371.29
43	6369.64
44	6369.64
45	6369.64
46	6369.64
47	6369.64
48	6363.9
49	6360.62
50	6360.62
51	6360.62
52	6360.62
53	6332.57
54	6311.8
55	6311.8
56	6311.8
57	6311.8
58	6311.8
59	6311.8
60	6302.38
61	6302.38
62	6302.38
63	6302.38
64	6302.38
65	6302.38
66	6302.38
67	6285.54
68	6285.54
69	6285.54
70	6285.54
71	6272.22
72	6272.22
73	6266.04
74	6266.04
75	6266.04
76	6262.14
77	6262.14
78	6262.14
79	6262.14
80	6262.14
81	6262.14
82	6262.14
83	6252.03
84	6252.03
85	6252.03
86	6249.45
87	6249.45
88	6249.45
89	6249.45
90	6246.53
91	6246.53
92	6246.53
93	6246.53
94	6246.53
95	6246.53
96	6246.53
97	6245.24
98	6245.24
99	6245.24
100	6243.08
6243.08


1	6566.74
2	6550.16
3	6550.16
4	6550.16
5	6510.99
6	6510.99
7	6508.32
8	6508.32
9	6508.32
10	6508.32
11	6508.32
12	6508.32
13	6508.32
14	6508.32
15	6508.32
16	6508.32
17	6507.14
18	6507.14
19	6507.14
20	6507.14
21	6507.14
22	6485.31
23	6473.77
24	6473.77
25	6473.77
26	6459.61
27	6451.54
28	6451.54
29	6451.54
30	6451.54
31	6434.51
32	6434.51
33	6434.51
34	6434.51
35	6433.01
36	6426.22
37	6426.22
38	6410
39	6388.79
40	6388.79
41	6388.79
42	6388.79
43	6388.79
44	6371.52
45	6371.52
46	6371.52
47	6371.52
48	6363.13
49	6361.92
50	6355.88
51	6355.88
52	6350.38
53	6350.38
54	6347.52
55	6337.28
56	6326.48
57	6326.48
58	6326.48
59	6322.41
60	6298.99
61	6298.99
62	6298.99
63	6290.89
64	6290.89
65	6290.89
66	6290.89
67	6290.89
68	6290.89
69	6285.53
70	6285.53
71	6285.53
72	6280.76
73	6280.76
74	6268.5
75	6268.5
76	6268.5
77	6266.25
78	6266.25
79	6263.27
80	6263.27
81	6263.27
82	6263.27
83	6255.83
84	6255.83
85	6255.83
86	6255.83
87	6255.83
88	6255.83
89	6255.8
90	6248.79
91	6248.79
92	6248.79
93	6248.79
94	6248.79
95	6248.79
96	6248.07
97	6248.07
98	6244.56
99	6244.56
100	6244.56
6244.56


1	6542.43
2	6535.59
3	6535.59
4	6535.59
5	6527.78
6	6527.78
7	6527.78
8	6521.9
9	6521.9
10	6503.38
11	6491.29
12	6462.67
13	6462.67
14	6462.67
15	6462.67
16	6462.67
17	6451.97
18	6451.97
19	6451.97
20	6450.42
21	6450.42
22	6410.67
23	6410.67
24	6410.67
25	6410.67
26	6410.67
27	6410.67
28	6407.23
29	6407.23
30	6407.23
31	6345.3
32	6345.3
33	6345.3
34	6345.3
35	6345.3
36	6345.3
37	6345.3
38	6345.3
39	6345.3
40	6339.45
41	6339.45
42	6328.38
43	6328.38
44	6328.38
45	6328.38
46	6328.38
47	6308.57
48	6308.57
49	6308.57
50	6308.57
51	6308.57
52	6308.57
53	6308.57
54	6308.57
55	6299.24
56	6299.24
57	6299.24
58	6299.24
59	6291.01
60	6291.01
61	6291.01
62	6291.01
63	6291.01
64	6291.01
65	6291.01
66	6291.01
67	6279.23
68	6273.98
69	6273.98
70	6273.98
71	6273.98
72	6273.98
73	6273.98
74	6273.98
75	6273.15
76	6261.18
77	6261.18
78	6256.01
79	6256.01
80	6255.9
81	6255.9
82	6249.34
83	6249.34
84	6246.59
85	6246.59
86	6246.59
87	6246.59
88	6245.29
89	6245.29
90	6245.29
91	6245.29
92	6245.29
93	6238.74
94	6238.74
95	6238.74
96	6238.74
97	6238.74
98	6237.84
99	6237.84
100	6237.84
6237.84


1	6542.21
2	6542.21
3	6542.21
4	6542.21
5	6511.38
6	6511.38
7	6511.38
8	6511.38
9	6511.38
10	6479.89
11	6479.89
12	6479.89
13	6458.21
14	6448.9
15	6448.9
16	6411.14
17	6403.23
18	6403.23
19	6403.23
20	6397.84
21	6397.84
22	6397.84
23	6397.84
24	6396.55
25	6389.73
26	6389.73
27	6384.22
28	6377.86
29	6367.34
30	6349.64
31	6321.22
32	6321.22
33	6321.22
34	6321.22
35	6321.22
36	6321.22
37	6321.22
38	6309.23
39	6309.23
40	6305.28
41	6305.28
42	6305.28
43	6305.28
44	6305.28
45	6305.28
46	6302.31
47	6288.01
48	6288.01
49	6286.7
50	6286.7
51	6286.7
52	6286.7
53	6286.7
54	6286.7
55	6284.19
56	6284.19
57	6276.45
58	6275.76
59	6274.68
60	6274.68
61	6272.11
62	6272.11
63	6272.11
64	6268.8
65	6266.33
66	6265.97
67	6256.86
68	6256.86
69	6256.86
70	6256.86
71	6250.68
72	6250.68
73	6250.68
74	6250.12
75	6250.12
76	6250.12
77	6250.12
78	6249.21
79	6239.35
80	6239.35
81	6239.35
82	6239.35
83	6239.35
84	6239.35
85	6239.35
86	6239.35
87	6239.35
88	6237.3
89	6237.3
90	6237.05
91	6237.05
92	6237.05
93	6237.05
94	6237.05
95	6235.75
96	6235.75
97	6235.75
98	6230.35
99	6230.35
100	6230.35
6230.35


1	6462.19
2	6462.19
3	6462.19
4	6462.19
5	6462.19
6	6462.19
7	6462.19
8	6430.77
9	6430.77
10	6430.77
11	6430.77
12	6430.77
13	6427.46
14	6427.46
15	6427.46
16	6427.46
17	6427.46
18	6411.92
19	6411.92
20	6411.92
21	6411.92
22	6411.92
23	6411.92
24	6388.64
25	6379.43
26	6379.43
27	6379.43
28	6379.43
29	6370.03
30	6365.39
31	6329.95
32	6329.95
33	6329.95
34	6329.95
35	6327.05
36	6315.07
37	6312.26
38	6301.89
39	6301.89
40	6299.56
41	6299.56
42	6299.56
43	6299.56
44	6299.56
45	6295.37
46	6295.37
47	6295.37
48	6287.23
49	6284.97
50	6284.97
51	6284.97
52	6284.22
53	6284.22
54	6278.55
55	6278.55
56	6277.86
57	6269.78
58	6268.86
59	6268.86
60	6267.26
61	6263.64
62	6262.67
63	6259.99
64	6259.99
65	6259.99
66	6259.99
67	6259.99
68	6259.99
69	6254.1
70	6253.32
71	6253.32
72	6253.32
73	6253.32
74	6253.32
75	6253.32
76	6252.98
77	6252.98
78	6249.2
79	6246.18
80	6246.18
81	6246.18
82	6246.18
83	6246.18
84	6246.18
85	6246.18
86	6246.18
87	6239.24
88	6239.24
89	6239.24
90	6239.24
91	6239.24
92	6239.24
93	6239.24
94	6239.24
95	6239.24
96	6239.24
97	6239.24
98	6239.24
99	6239.24
100	6239.24
6239.24


1	6547.67
2	6547.67
3	6547.67
4	6547.67
5	6547.67
6	6547.67
7	6547.67
8	6536.41
9	6522.88
10	6522.88
11	6522.88
12	6522.88
13	6513.15
14	6513.15
15	6513.15
16	6513.15
17	6494.6
18	6494.6
19	6494.6
20	6463.17
21	6463.17
22	6463.17
23	6444.54
24	6444.54
25	6444.54
26	6444.54
27	6425.77
28	6425.77
29	6411.48
30	6389.31
31	6389.31
32	6389.31
33	6381.93
34	6381.93
35	6381.68
36	6342.19
37	6342.19
38	6342.19
39	6342.19
40	6342.19
41	6342.19
42	6342.19
43	6320.16
44	6320.16
45	6320.16
46	6320.16
47	6309.7
48	6309.7
49	6309.7
50	6309.7
51	6309.7
52	6307.68
53	6290.57
54	6289.21
55	6289.21
56	6289.21
57	6289.21
58	6282.77
59	6282.77
60	6270.74
61	6270.74
62	6270.74
63	6270.74
64	6270.74
65	6270.74
66	6270.74
67	6270.74
68	6270.74
69	6270.74
70	6261.23
71	6261.23
72	6261.23
73	6261.23
74	6261.23
75	6260.2
76	6260.2
77	6260.2
78	6259.02
79	6259.02
80	6256.67
81	6256.67
82	6256.67
83	6256.67
84	6255.07
85	6255.07
86	6255.07
87	6255.07
88	6252.45
89	6250
90	6247.97
91	6247.97
92	6247.97
93	6247.97
94	6247.97
95	6247.97
96	6246.51
97	6246.51
98	6244.61
99	6244.61
100	6244.61
6244.61


1	6547.82
2	6547.82
3	6547.82
4	6547.82
5	6535.45
6	6535.45
7	6535.45
8	6535.45
9	6535.45
10	6518.06
11	6508.83
12	6508.83
13	6508.83
14	6500.11
15	6500.11
16	6500.11
17	6500.11
18	6480.35
19	6401.76
20	6401.76
21	6401.76
22	6401.76
23	6401.76
24	6401.48
25	6401.48
26	6401.48
27	6401.48
28	6401.48
29	6401.48
30	6397.72
31	6387.09
32	6363.1
33	6363.1
34	6363.1
35	6363.1
36	6363.1
37	6363.1
38	6363.1
39	6361.1
40	6361.1
41	6361.1
42	6346.82
43	6346.82
44	6346.82
45	6346.82
46	6342.18
47	6321.47
48	6321.47
49	6310.66
50	6310.66
51	6310.66
52	6310.66
53	6310.66
54	6310.66
55	6302.21
56	6301
57	6301
58	6301
59	6301
60	6301
61	6285.94
62	6285.94
63	6285.43
64	6285.43
65	6285.43
66	6284.84
67	6284.84
68	6284.84
69	6275.81
70	6275.81
71	6268.19
72	6268.19
73	6268.19
74	6268.19
75	6252.95
76	6252.95
77	6252.95
78	6252.95
79	6252.95
80	6252.95
81	6252.95
82	6252.95
83	6252.95
84	6252.95
85	6252.95
86	6248.86
87	6248.86
88	6247.61
89	6247.61
90	6247.61
91	6247.61
92	6247.45
93	6245.87
94	6245.67
95	6245.67
96	6243.91
97	6243.91
98	6242.36
99	6242.36
100	6242.03
6242.03


1	6548.62
2	6548.62
3	6548.62
4	6548.62
5	6548.62
6	6548.62
7	6548.62
8	6548.62
9	6529.81
10	6529.81
11	6529.81
12	6529.81
13	6491.6
14	6491.6
15	6491.6
16	6491.6
17	6491.6
18	6491.6
19	6474.47
20	6474.47
21	6474.47
22	6474.47
23	6468.55
24	6468.55
25	6453.79
26	6453.79
27	6453.79
28	6453.79
29	6438.97
30	6438.97
31	6409.86
32	6409.86
33	6405.18
34	6367.67
35	6367.67
36	6367.67
37	6367.67
38	6367.67
39	6367.67
40	6367.67
41	6354.06
42	6354.06
43	6354.06
44	6342.36
45	6333.26
46	6333.26
47	6333.26
48	6330.38
49	6330.38
50	6330.38
51	6330.38
52	6328.59
53	6326.55
54	6314.94
55	6305.2
56	6305.2
57	6305.2
58	6300.25
59	6299.08
60	6294.15
61	6294.15
62	6294.15
63	6288.13
64	6288.13
65	6288.06
66	6288.06
67	6288.06
68	6286.15
69	6281.42
70	6281.42
71	6279.96
72	6275.61
73	6275.61
74	6268.23
75	6268.23
76	6268.23
77	6268.23
78	6267.82
79	6259.17
80	6259.17
81	6259.17
82	6259.17
83	6259.17
84	6259.17
85	6257.43
86	6257.02
87	6257.02
88	6254.65
89	6254.65
90	6254.27
91	6254.27
92	6252.76
93	6236.08
94	6236.08
95	6236.08
96	6236.08
97	6236.08
98	6236.08
99	6236.08
100	6236.08
6236.08


1	6562.62
2	6562.62
3	6562.62
4	6562.62
5	6562.62
6	6552.02
7	6552.02
8	6552.02
9	6544.13
10	6445.97
11	6445.97
12	6445.97
13	6445.97
14	6445.97
15	6445.97
16	6445.97
17	6425.69
18	6425.69
19	6425.69
20	6390.77
21	6390.77
22	6390.77
23	6390.77
24	6390.77
25	6370
26	6370
27	6370
28	6370
29	6370
30	6370
31	6370
32	6370
33	6360.97
34	6360.97
35	6360.97
36	6360.97
37	6351.9
38	6341.42
39	6328.18
40	6328.18
41	6328.18
42	6328.18
43	6328.18
44	6318.57
45	6318.57
46	6313.27
47	6313.27
48	6300.23
49	6300.23
50	6298.01
51	6298.01
52	6298.01
53	6298.01
54	6298.01
55	6298.01
56	6297.05
57	6293.45
58	6293.45
59	6293.45
60	6293.45
61	6293.45
62	6270.72
63	6261.07
64	6261.07
65	6261.07
66	6261.07
67	6261.07
68	6261.07
69	6261.07
70	6261.07
71	6261.07
72	6259.32
73	6259.32
74	6259.32
75	6259.32
76	6259.32
77	6252.61
78	6252.61
79	6252.61
80	6252.53
81	6252.53
82	6252.53
83	6252.2
84	6252.2
85	6246.88
86	6246.88
87	6243.81
88	6243.81
89	6243.81
90	6240.93
91	6240.93
92	6240.93
93	6240.93
94	6232.9
95	6232.9
96	6232.9
97	6232.9
98	6232.9
99	6232.9
100	6232.9
6232.9


1	6554.54
2	6554.54
3	6554.54
4	6554.54
5	6554.54
6	6539.17
7	6519.36
8	6519.36
9	6519.36
10	6519.36
11	6519.36
12	6519.36
13	6504.5
14	6504.5
15	6504.5
16	6472.96
17	6472.96
18	6472.96
19	6472.96
20	6472.96
21	6472.96
22	6472.96
23	6450.65
24	6423.67
25	6423.67
26	6423.67
27	6423.67
28	6423.67
29	6423.67
30	6423.67
31	6407.23
32	6407.23
33	6403.31
34	6365.07
35	6365.07
36	6363.31
37	6363.31
38	6363.31
39	6363.31
40	6363.31
41	6363.31
42	6361.99
43	6361.99
44	6353.77
45	6353.77
46	6346.38
47	6333.53
48	6333.53
49	6322.7
50	6322.7
51	6305.39
52	6305.39
53	6305.39
54	6305.39
55	6305.39
56	6305.39
57	6288.23
58	6288.23
59	6288.23
60	6288.23
61	6288.23
62	6288.23
63	6288.23
64	6288.23
65	6288.23
66	6288.23
67	6278.54
68	6278.54
69	6278.54
70	6274.77
71	6274.77
72	6270.46
73	6270.46
74	6270.46
75	6266.29
76	6266.29
77	6264.08
78	6263.76
79	6263.76
80	6263.56
81	6263.56
82	6259.53
83	6250.9
84	6250.9
85	6250.9
86	6250.9
87	6250.9
88	6247.43
89	6247.43
90	6247.43
91	6247.43
92	6247.43
93	6247.43
94	6246.34
95	6246.34
96	6246.34
97	6244.91
98	6242.35
99	6242.35
100	6242.35
6242.35


1	6530.73
2	6519.54
3	6519.54
4	6519.54
5	6518.65
6	6518.65
7	6518.65
8	6500.39
9	6500.39
10	6500.39
11	6500.39
12	6500.39
13	6496.15
14	6496.15
15	6477.65
16	6477.65
17	6477.65
18	6477.65
19	6477.65
20	6477.65
21	6477.65
22	6477.65
23	6459.87
24	6459.87
25	6459.87
26	6459.87
27	6459.87
28	6459.87
29	6450.12
30	6442.06
31	6442.06
32	6431.89
33	6424.53
34	6424.53
35	6418.8
36	6418.8
37	6418.8
38	6418.8
39	6418.8
40	6418.8
41	6347.92
42	6347.92
43	6347.92
44	6347.92
45	6347.92
46	6347.92
47	6347.89
48	6337.16
49	6335.68
50	6319.64
51	6319.64
52	6319.64
53	6319.64
54	6303.06
55	6299.01
56	6299.01
57	6299.01
58	6299.01
59	6299.01
60	6289.82
61	6289.82
62	6285.75
63	6285.75
64	6285.75
65	6285.75
66	6281.61
67	6281.61
68	6278.84
69	6278.84
70	6278.84
71	6275.53
72	6270.17
73	6262.67
74	6262.67
75	6262.67
76	6262.67
77	6262.67
78	6262.67
79	6254.46
80	6254.46
81	6254.46
82	6254.46
83	6254.07
84	6250.38
85	6250.38
86	6250.38
87	6250.38
88	6250.38
89	6243.95
90	6243.95
91	6243.95
92	6243.1
93	6243.1
94	6243.1
95	6242.55
96	6233.95
97	6233.95
98	6232.75
99	6232.75
100	6232.75
6232.75


1	6585.25
2	6585.25
3	6585.25
4	6545.99
5	6545.99
6	6545.99
7	6545.99
8	6545.99
9	6544.44
10	6544.44
11	6544.44
12	6544.44
13	6522.68
14	6522.68
15	6522.68
16	6522.68
17	6522.68
18	6522.68
19	6519.51
20	6519.51
21	6519.51
22	6497.87
23	6497.87
24	6497.87
25	6462.17
26	6429.96
27	6421.78
28	6421.78
29	6421.78
30	6421.78
31	6405.48
32	6405.48
33	6400.51
34	6400.51
35	6400.51
36	6381.67
37	6381.67
38	6381.67
39	6381.67
40	6363.94
41	6363.94
42	6363.94
43	6363.94
44	6363.94
45	6356.28
46	6349.58
47	6349.58
48	6342.47
49	6330.56
50	6330.56
51	6330.56
52	6322.84
53	6318.78
54	6318.78
55	6311.05
56	6305.13
57	6295.14
58	6295.14
59	6295.14
60	6295.14
61	6295.14
62	6288.2
63	6288.2
64	6288.2
65	6285.41
66	6279.2
67	6279.2
68	6279.2
69	6279.02
70	6277.87
71	6277.87
72	6257.94
73	6257.94
74	6257.94
75	6257.94
76	6257.94
77	6257.94
78	6257.94
79	6257.94
80	6257.94
81	6257.94
82	6257.94
83	6253.24
84	6253.24
85	6253.24
86	6251.99
87	6251.99
88	6251.99
89	6251.99
90	6251.99
91	6251.99
92	6251.99
93	6249.63
94	6242.67
95	6242.67
96	6242.67
97	6242.67
98	6242.07
99	6242.07
100	6242.07
6242.07


1	6493.14
2	6493.14
3	6493.14
4	6493.14
5	6493.14
6	6490.36
7	6490.36
8	6490.36
9	6490.36
10	6490.36
11	6490.36
12	6459.39
13	6459.39
14	6459.39
15	6435.12
16	6435.12
17	6435.12
18	6435.12
19	6435.12
20	6435.12
21	6435.12
22	6428.76
23	6428.76
24	6428.76
25	6415.55
26	6415.55
27	6415.55
28	6400.83
29	6400.83
30	6365.7
31	6365.7
32	6354.77
33	6354.77
34	6344.01
35	6344.01
36	6344.01
37	6344.01
38	6336.71
39	6336.71
40	6336.71
41	6332.63
42	6332.63
43	6325.4
44	6325.4
45	6318.87
46	6308.6
47	6308.6
48	6308.6
49	6308.6
50	6301.36
51	6301.36
52	6301.36
53	6285.37
54	6285.37
55	6285.37
56	6276.53
57	6276.53
58	6276.53
59	6276.53
60	6276.53
61	6276.53
62	6276.3
63	6275.98
64	6275.98
65	6275.98
66	6265.01
67	6265.01
68	6265.01
69	6263.6
70	6263.6
71	6263.6
72	6260.86
73	6260.86
74	6260.86
75	6260.86
76	6260.86
77	6257.32
78	6257.32
79	6257.32
80	6252.79
81	6248.82
82	6248.82
83	6248.82
84	6248.75
85	6248.75
86	6248.75
87	6248.75
88	6246.79
89	6246.79
90	6243.57
91	6243.57
92	6243.57
93	6243.57
94	6243.57
95	6243.29
96	6241.97
97	6241.97
98	6238.7
99	6238.7
100	6238.7
6238.7


1	6583.91
2	6583.91
3	6583.91
4	6583.91
5	6571.31
6	6571.31
7	6571.31
8	6541.35
9	6541.35
10	6541.35
11	6506.54
12	6505.47
13	6505.47
14	6505.47
15	6505.47
16	6505.47
17	6505.47
18	6505.47
19	6505.47
20	6505.47
21	6501.34
22	6460.19
23	6460.19
24	6452.58
25	6452.58
26	6401.23
27	6401.23
28	6401.23
29	6401.23
30	6396.37
31	6396.37
32	6396.37
33	6396.37
34	6396.37
35	6393.11
36	6364.26
37	6364.26
38	6364.26
39	6364.26
40	6349.36
41	6349.36
42	6349.36
43	6349.36
44	6336.37
45	6321.78
46	6321.78
47	6315.1
48	6315.1
49	6310.03
50	6310.03
51	6310.03
52	6300.84
53	6300.84
54	6300.84
55	6290.73
56	6290.73
57	6290.73
58	6286.54
59	6286.54
60	6283.77
61	6283.77
62	6283.77
63	6271.06
64	6271.06
65	6271.06
66	6271.06
67	6259.03
68	6259.03
69	6259.03
70	6254.88
71	6254.88
72	6254.88
73	6254.88
74	6250.76
75	6250.76
76	6247.45
77	6247.45
78	6247.45
79	6247.45
80	6247.45
81	6247.45
82	6247.45
83	6247.45
84	6247.45
85	6247.45
86	6247.45
87	6247.45
88	6247.45
89	6246.38
90	6246.38
91	6246.38
92	6242.98
93	6242.98
94	6242.98
95	6242.98
96	6242.98
97	6241.42
98	6241.42
99	6241.42
100	6241.42
6241.42


6241.37
6238.71
6244.52
6238.28
6224.81
6242.31
6231.62
6235.92
6241.85
6230.61
6231.84
6238.26
6232.48
6232.54
6238.11
6253.82
6243.08
6244.56
6237.84
6230.35
6239.24
6244.61
6242.03
6236.08
6232.9
6242.35
6232.75
6242.07
6238.7
6241.42
